status    0
success    True
njev    68
nfev    1635
fun    0.000359959641069
x    [ 0.77685644 -0.56606351 -0.61529658  0.16938017  0.16938017  0.16938017
 -0.68884861  0.30890135  0.37024211  0.00555474 -0.49520082  0.63527872
  0.13128697  0.13128697  0.13128697 -0.5297884  -0.61674261  0.35072573
 -0.2538286   0.13873621  0.13873621  0.13873621]
message    Optimization terminated successfully.
jac    [  8.11705831e-08   5.17320586e-08   4.38194547e-08   3.59759724e-08
   0.00000000e+00   0.00000000e+00   3.63215804e-08  -1.47774699e-08
  -2.82474502e-07   3.42188287e-08   3.13750206e-07   7.17845978e-08
  -9.34342097e-08   0.00000000e+00   0.00000000e+00  -2.87363946e-08
   2.04847311e-07   7.01984391e-08  -5.34513674e-07   2.36002961e-07
   0.00000000e+00   0.00000000e+00]
nit    68

0.776856437882
-0.566063513998
-0.615296581046
0.169380171934
0.169380171934
0.169380171934
-0.688848609411
0.308901346565
0.370242112631
0.00555474351515
-0.495200819656
0.63527872416
0.131286967866
0.131286967866
0.131286967866
-0.529788401402
-0.616742608267
0.350725725061
-0.25382859885
0.138736207805
0.138736207805
0.138736207805
