status    0
success    True
njev    60
nfev    1441
fun    0.000385229225309
x    [ 0.75860136 -0.55793309 -0.59854506  0.16595989  0.16595989  0.16595989
 -0.66273068  0.31167331  0.34241888  0.03698062 -0.56100279  0.4342654
  0.15395604  0.15395604  0.15395604 -0.46347572 -0.41501146  0.28409302
 -0.24211917  0.12434587  0.12434587  0.12434587]
message    Optimization terminated successfully.
jac    [  2.96577855e-06  -1.34936636e-06   2.67421638e-06  -1.02016202e-07
  -3.63797881e-12  -3.63797881e-12  -3.65511005e-06   1.24674261e-06
  -9.74036084e-07   1.90731953e-07  -1.97338522e-07  -7.61938281e-08
  -1.65138772e-07  -3.63797881e-12  -3.63797881e-12  -4.18560376e-07
   2.25918484e-08   5.14282874e-07  -7.19173840e-07   1.91630534e-07
  -3.63797881e-12  -3.63797881e-12]
nit    60

0.758601358442
-0.557933085831
-0.598545059995
0.165959886342
0.165959886342
0.165959886342
-0.662730680297
0.311673306383
0.342418877336
0.0369806165623
-0.561002785899
0.434265400706
0.153956036801
0.153956036801
0.153956036801
-0.463475716837
-0.415011457685
0.284093017452
-0.242119168792
0.124345869675
0.124345869675
0.124345869675
