status    0
success    True
njev    57
nfev    1083
fun    0.000500743899252
x    [ 0.85507359 -0.59664185 -1.03715475  0.25957434  0.25957434  0.25957434
 -0.74540912  0.3249163   0.60735118 -0.09647781 -0.77530459  0.72290974
  0.16449453  0.16449453  0.16449453 -0.76573465 -0.76573465]
message    Optimization terminated successfully.
jac    [ -3.93840310e-07  -1.64764060e-07   1.02502236e-06  -4.56864655e-07
  -1.45519152e-11  -1.45519152e-11   8.40227585e-08   1.14996510e-07
   2.79345841e-07   1.58353942e-07  -1.10232213e-06  -1.06956577e-08
   3.82191502e-07  -1.45519152e-11  -1.45519152e-11   1.34074071e-07
  -1.45519152e-11]
nit    57

0.855073594207
-0.596641846896
-1.03715475398
0.259574335555
0.259574335555
0.259574335555
-0.745409124627
0.324916295892
0.607351182725
-0.0964778143113
-0.775304586122
0.722909740742
0.16449453498
0.16449453498
0.16449453498
-0.765734649619
-0.765734649619
