status    0
success    True
njev    65
nfev    1301
fun    0.000615736420552
x    [ 0.61701838  0.61701838 -1.40666168  0.55544542  0.08492192  0.19449074
 -0.36743047  0.70436436  0.15756565  0.15756565  0.15756565 -0.471864
 -0.70287854  0.35145201  0.20926765  0.04738629  0.04738629  0.04738629]
message    Optimization terminated successfully.
jac    [  2.74958438e-08   0.00000000e+00  -3.28072929e-08   2.91838660e-08
   1.02278136e-07   3.99450073e-09  -1.73378794e-07   2.45199772e-09
   6.53380994e-08   0.00000000e+00   0.00000000e+00   1.85391400e-08
   3.09737516e-08   1.85464160e-08  -8.48958734e-08   4.25206963e-08
   0.00000000e+00   0.00000000e+00]
nit    65

0.617018383157
0.617018383157
-1.40666168064
0.555445424225
0.0849219228268
0.194490739662
-0.367430472807
0.704364360665
0.157565648135
0.157565648135
0.157565648135
-0.47186400465
-0.70287853954
0.351452006851
0.209267654786
0.0473862926344
0.0473862926344
0.0473862926344
