status    0
success    True
njev    47
nfev    894
fun    0.000576745989021
x    [ 0.29123461 -0.82812753  0.31695426  0.31628511 -0.01125061 -0.01978099
  0.38061995  0.00243914  0.00243914  0.00243914 -0.45325223 -0.436437
  0.29610976 -0.2273592   0.12256214  0.12256214  0.12256214]
message    Optimization terminated successfully.
jac    [  1.86300895e-07   1.82029908e-07   4.64402547e-07  -4.03859303e-07
   1.08404492e-07  -6.44475222e-07   9.78616299e-08   2.13905878e-07
   0.00000000e+00   0.00000000e+00  -1.68809493e-07   4.84506018e-07
   2.73867045e-07  -1.28840475e-06   5.37809683e-07   0.00000000e+00
   0.00000000e+00]
nit    47

0.291234608135
-0.828127533172
0.31695426191
0.316285112736
-0.0112506073722
-0.0197809853577
0.380619945561
0.00243914144403
0.00243914144403
0.00243914144403
-0.453252226772
-0.436436995362
0.296109763878
-0.227359197291
0.122562142925
0.122562142925
0.122562142925
