status    0
success    True
njev    62
nfev    1243
fun    0.000242783437197
x    [ 0.4693462  -0.46828912 -0.33497653  0.11130649  0.11130649  0.11130649
 -0.46505527  0.25216561  0.40934778  0.00958283 -0.46150762  0.50753424
  0.12593167  0.12593167  0.12593167 -0.4946917  -0.56245641  0.42728553]
message    Optimization terminated successfully.
jac    [  4.38922143e-08   4.20004653e-09  -9.80835466e-08   6.92616595e-08
   0.00000000e+00   0.00000000e+00   1.93722371e-08   9.95150913e-08
   2.73284968e-07  -8.41100700e-09  -7.26166036e-07   2.15914042e-09
   2.33958417e-07   0.00000000e+00   0.00000000e+00   9.75105650e-08
   4.36139089e-08   6.35554898e-08]
nit    62

0.469346201709
-0.468289124733
-0.334976534804
0.111306485943
0.111306485943
0.111306485943
-0.465055273646
0.252165606389
0.409347777082
0.0095828258519
-0.461507621798
0.50753424282
0.125931673815
0.125931673815
0.125931673815
-0.494691700367
-0.562456406618
0.427285528839
