status    0
success    True
njev    85
nfev    3232
fun    0.000783427660584
x    [ 0.75989197 -0.5526959  -0.51064318  0.14970618  0.14970618  0.14970618
 -0.57648144  0.30999866 -0.15057136  0.1547828  -0.30856702  0.90701219
  0.16974154  0.16974154 -0.43685657 -0.57391784  0.22453124  0.22453124
 -0.25392124  0.22352823  0.22352823 -0.55630377  0.4230114   0.69229866
 -0.78320921 -0.78320921  0.42508298  0.42508298  0.42508298  0.42508298
 -0.75727321  0.37060967 -0.04033563  0.09377591  0.09377591  0.09377591]
message    Optimization terminated successfully.
jac    [ -2.31904414e-06   4.25781764e-07   6.80069206e-07  -3.71910573e-07
   0.00000000e+00   0.00000000e+00   3.06525180e-06  -3.40594852e-07
  -3.52551433e-06   1.54100417e-06  -2.46150739e-06  -7.92599167e-07
   1.29732507e-06   0.00000000e+00  -1.14056456e-06   6.78861397e-07
   7.97183020e-07   0.00000000e+00  -5.64614311e-09   4.15697286e-07
   0.00000000e+00  -1.60608761e-06   8.00253474e-07   1.13864371e-06
   2.52337486e-07   0.00000000e+00  -9.45146894e-09   0.00000000e+00
   0.00000000e+00   0.00000000e+00   1.03427010e-06  -8.29866622e-07
   2.50427547e-06  -1.05953222e-06   0.00000000e+00   0.00000000e+00
   0.00000000e+00]
nit    85

0.759891970353
-0.552695903003
-0.510643178485
0.149706184753
0.149706184753
0.149706184753
-0.576481443706
0.3099986589
-0.15057136306
0.154782802922
-0.308567018512
0.907012186009
0.169741543101
0.169741543101
-0.436856570647
-0.573917841807
0.224531242655
0.224531242655
-0.253921238374
0.223528231085
0.223528231085
-0.556303767528
0.423011396233
0.692298661135
-0.783209208264
-0.783209208264
0.42508298032
0.42508298032
0.42508298032
0.42508298032
-0.757273208431
0.370609666806
-0.0403356299147
0.0937759094718
0.0937759094718
0.0937759094718
