status    0
success    True
njev    79
nfev    3003
fun    0.000809164827504
x    [ 0.71978389 -0.53425379 -0.49819114  0.14813316  0.14813316  0.14813316
 -0.50031384  0.30571007 -0.24576486  0.21476634 -0.36547183  0.63045472
  0.1970756   0.1970756  -0.41864306 -0.47888755  0.22571955  0.22571955
 -0.27989765  0.231748    0.231748   -0.55467048  0.42353877  0.70022177
 -0.78799163 -0.78799163  0.42602903  0.42602903  0.42602903  0.42602903
 -0.50421675  0.27867729  0.0998756   0.04188795  0.04188795  0.04188795]
message    Optimization terminated successfully.
jac    [ -1.18191383e-06   4.23053280e-07   3.15580110e-07   6.06014510e-08
   5.82076609e-11   5.82076609e-11   2.11036240e-06  -1.72702130e-07
  -3.86340980e-06   1.31411798e-06  -1.94609311e-06   1.19573087e-06
   1.00519537e-06   5.82076609e-11  -1.49916741e-06  -9.10586095e-08
   5.19175956e-07   5.82076609e-11   2.80603126e-06  -5.61201887e-07
   5.82076609e-11  -2.05655670e-06   4.19422577e-07   2.46124546e-06
  -1.28085958e-06   5.82076609e-11   2.14007741e-07   5.82076609e-11
   5.82076609e-11   5.82076609e-11  -7.13625923e-08  -1.21057383e-07
   4.35175025e-07  -2.39218934e-07   5.82076609e-11   5.82076609e-11]
nit    79

0.719783885044
-0.534253792275
-0.498191139374
0.148133159161
0.148133159161
0.148133159161
-0.500313837943
0.305710068513
-0.245764859368
0.214766335828
-0.365471829975
0.6304547182
0.197075601957
0.197075601957
-0.418643058799
-0.478887549562
0.225719545996
0.225719545996
-0.279897654903
0.23174800159
0.23174800159
-0.554670477282
0.423538774707
0.700221773902
-0.787991631583
-0.787991631583
0.426029032471
0.426029032471
0.426029032471
0.426029032471
-0.504216747511
0.278677292037
0.099875604952
0.0418879501739
0.0418879501739
0.0418879501739
