status    0
success    True
njev    85
nfev    2806
fun    0.0017150605182
x    [ 0.67143528 -0.52552278 -0.83353306  0.22920685  0.22920685  0.22920685
 -0.62666172  0.28685764  0.34377486 -0.0657782  -0.36994672  0.94854843
  0.04688312  0.04688312  0.63543306 -0.80486723 -0.13291534 -0.13291534
 -0.22535186  0.16105523  0.16105523 -0.93465558  0.48183467  1.30960857
 -1.13988149 -1.13988149  0.48894708  0.48894708  0.48894708  0.48894708
 -0.80486723]
message    Optimization terminated successfully.
jac    [ -1.85027602e-06  -7.11108441e-07   4.71487874e-06  -2.15136970e-06
   0.00000000e+00   0.00000000e+00  -5.86631359e-07  -9.25501809e-08
   6.32062438e-07  -4.18483978e-07  -5.09200618e-07   1.52693246e-07
  -3.99959390e-07   0.00000000e+00   2.85077840e-06  -3.60465492e-07
  -1.34666334e-06   0.00000000e+00   2.63468246e-06  -1.30680564e-06
   0.00000000e+00   6.03904482e-09  -6.30170689e-07   5.37125743e-07
  -1.26525993e-06   0.00000000e+00   1.61322532e-07   0.00000000e+00
   0.00000000e+00   0.00000000e+00   0.00000000e+00]
nit    85

0.671435284159
-0.525522778864
-0.833533061353
0.229206852019
0.229206852019
0.229206852019
-0.626661716516
0.286857635078
0.343774855542
-0.0657782043713
-0.369946718655
0.948548428876
0.046883117825
0.046883117825
0.63543306015
-0.804867233949
-0.132915342499
-0.132915342499
-0.225351858457
0.161055230289
0.161055230289
-0.934655579647
0.4818346679
1.30960856936
-1.13988149274
-1.13988149274
0.48894707572
0.48894707572
0.48894707572
0.48894707572
-0.804867233949
