status    0
success    True
njev    99
nfev    3368
fun    0.000997665507667
x    [ 1.03214084  1.03214084 -2.74402527  0.96626975 -0.3862902   0.50846424
 -0.64930057  0.89737145  0.37847296  0.37847296 -0.60932943 -0.46380644
  0.31729688  0.31729688 -0.1711822   0.22615536  0.22615536 -0.65017372
  0.46459034  0.77555473 -0.79499132 -0.79499132  0.43592697  0.43592697
  0.43592697  0.43592697 -0.75979171  0.4066012   0.00855813  0.11487746
  0.11487746  0.11487746]
message    Optimization terminated successfully.
jac    [ -7.84741133e-07  -1.45519152e-11  -1.31429988e-06  -3.31303454e-07
   2.03025411e-06  -1.23948848e-06  -3.19351966e-06  -1.03979255e-06
  -9.74279828e-07  -1.45519152e-11   1.93798041e-06   1.77824404e-08
   1.98080670e-07  -1.45519152e-11  -2.38438952e-06  -9.31322575e-08
  -1.45519152e-11   2.38229404e-07   5.99538907e-08   2.18872447e-06
   7.45960278e-07  -1.45519152e-11   4.05685569e-06  -1.45519152e-11
  -1.45519152e-11  -1.45519152e-11  -2.80502718e-07  -4.37314156e-07
   4.58545401e-07   2.62443791e-07  -1.45519152e-11  -1.45519152e-11]
nit    99

1.03214083714
1.03214083714
-2.74402526671
0.966269750986
-0.386290200868
0.508464239575
-0.649300571392
0.897371453351
0.378472957724
0.378472957724
-0.609329426278
-0.463806442777
0.317296884356
0.317296884356
-0.171182198903
0.226155357774
0.226155357774
-0.650173716553
0.46459033538
0.775554725514
-0.794991318876
-0.794991318876
0.435926970607
0.435926970607
0.435926970607
0.435926970607
-0.759791714985
0.406601197063
0.00855813056775
0.114877462451
0.114877462451
0.114877462451
