status    0
success    True
njev    86
nfev    2840
fun    0.000730681336941
x    [ 0.31117597 -0.75732627  0.31938712  0.14180968  0.05248603 -0.27415093
  0.51971749  0.13081542  0.13081542 -0.25336795 -0.48350515  0.17271514
  0.17271514 -0.43809159  0.25511709  0.25511709 -0.4114182   0.39245848
  0.53447133 -0.7034226  -0.7034226   0.40897597  0.40897597  0.40897597
  0.40897597 -0.46078497  0.28224855 -0.12802944  0.10218862  0.10218862
  0.10218862]
message    Optimization terminated successfully.
jac    [  4.39249561e-08  -8.25821189e-09   3.53902578e-08   3.94706149e-07
  -2.42434908e-08  -1.11695408e-06  -1.45228114e-08   2.36883352e-07
   0.00000000e+00   2.00427166e-06   5.66942617e-08  -4.99785529e-07
   0.00000000e+00  -4.79973096e-07  -3.71874194e-08   0.00000000e+00
   2.47007847e-06  -4.72078682e-07  -4.66762140e-06   2.75055936e-06
   0.00000000e+00  -5.30351826e-07   0.00000000e+00   0.00000000e+00
   0.00000000e+00   2.18751666e-07   1.10427209e-07  -6.06807589e-07
   2.81994289e-07   0.00000000e+00   0.00000000e+00]
nit    86

0.311175971115
-0.757326265809
0.319387121236
0.141809684762
0.0524860296403
-0.27415092765
0.519717488008
0.130815419306
0.130815419306
-0.253367950771
-0.483505151858
0.172715144599
0.172715144599
-0.438091588271
0.255117085565
0.255117085565
-0.411418201886
0.392458478443
0.534471332351
-0.703422600364
-0.703422600364
0.40897597062
0.40897597062
0.40897597062
0.40897597062
-0.460784969413
0.282248545664
-0.128029440991
0.10218862158
0.10218862158
0.10218862158
