status    0
success    True
njev    100
nfev    3401
fun    0.000764241379949
x    [ 0.35561576 -0.42491266 -0.2509585   0.1067518   0.1067518   0.1067518
 -0.35667958  0.23451651  0.20457085  0.07825542 -0.49835217  0.66902227
  0.2033664   0.2033664  -0.35514712 -0.52096096  0.21080294  0.21080294
 -0.34859684  0.24749173  0.24749173 -0.49232475  0.41294634  0.61235689
 -0.73792809 -0.73792809  0.41632885  0.41632885  0.41632885  0.41632885
 -0.58606425  0.43367604]
message    Optimization terminated successfully.
jac    [  4.44379111e-07   1.74477464e-07  -1.15087460e-06   5.36521839e-07
   0.00000000e+00   0.00000000e+00  -2.38273060e-07   1.79716153e-08
   1.36188464e-06  -3.45811713e-07  -5.04842319e-07  -2.56542990e-07
   9.06075002e-08   0.00000000e+00   4.35553375e-07   4.48053470e-08
  -5.98520273e-08   0.00000000e+00  -3.66781023e-07   6.18747436e-08
   0.00000000e+00   1.76632602e-06  -3.12291377e-07  -3.16367368e-06
   1.87094702e-06   0.00000000e+00  -3.40129191e-07   0.00000000e+00
   0.00000000e+00   0.00000000e+00  -7.75617082e-09   8.32587830e-08]
nit    100

0.355615760095
-0.424912662463
-0.250958502047
0.106751801472
0.106751801472
0.106751801472
-0.356679581914
0.234516508813
0.204570846043
0.0782554194249
-0.498352173557
0.669022273177
0.203366397684
0.203366397684
-0.355147122329
-0.520960962777
0.210802938873
0.210802938873
-0.348596843807
0.247491727589
0.247491727589
-0.492324747244
0.412946344105
0.612356892496
-0.737928085236
-0.737928085236
0.416328851135
0.416328851135
0.416328851135
0.416328851135
-0.586064252507
0.433676037717
