status    0
success    True
njev    77
nfev    2080
fun    0.000494399404139
x    [ 0.73919082 -0.52968071 -0.61071872  0.16985154  0.16985154  0.16985154
 -0.61493694  0.28582253  0.1898864   0.01429119 -0.04850321  0.67564407
  0.04569734  0.04569734  0.53365593 -0.52666513 -0.4676224  -0.54211766
  0.40915056 -0.64166049  0.34996275 -0.13741058  0.10692077  0.10692077
  0.10692077]
message    Optimization terminated successfully.
jac    [ -1.09227403e-06  -4.29572538e-08   1.03253115e-06  -4.95827408e-07
   7.27595761e-12   7.27595761e-12   1.22869096e-07  -3.43476131e-07
  -6.08430128e-07  -3.03392881e-07   5.10712562e-06  -7.93159415e-07
  -1.54025474e-06   7.27595761e-12  -1.59285992e-06   3.96539690e-08
   9.95351002e-09  -1.05676008e-07   4.61004674e-08  -5.63464710e-07
  -5.16665750e-07   3.03563138e-06  -1.23764039e-06   7.27595761e-12
   7.27595761e-12]
nit    77

0.739190819339
-0.52968070556
-0.610718717582
0.16985153647
0.16985153647
0.16985153647
-0.614936944649
0.285822525492
0.189886397264
0.0142911852038
-0.048503207345
0.675644074076
0.0456973364868
0.0456973364868
0.533655933381
-0.52666512733
-0.46762240493
-0.542117664609
0.409150560472
-0.641660493069
0.349962754666
-0.137410577207
0.106920770001
0.106920770001
0.106920770001
