status    0
success    True
njev    93
nfev    2512
fun    0.000510582485267
x    [ 0.74364549 -0.52137038 -0.67852598  0.18897289  0.18897289  0.18897289
 -0.63037538  0.29293143  0.29035042  0.01105488 -0.16973824  0.4330924
  0.07791544  0.07791544  0.56285815 -0.45451262 -0.46932274 -0.53786463
  0.40502765 -0.44092093  0.2815578  -0.10169388  0.087019    0.087019
  0.087019  ]
message    Optimization terminated successfully.
jac    [  4.55474947e-08  -8.29459168e-10  -2.96713552e-08   2.02853698e-08
   7.27595761e-12   7.27595761e-12   2.13913154e-08   1.01208570e-08
  -1.33280992e-07   3.87299224e-08   1.10056135e-07   5.69052645e-08
  -1.68874976e-08   7.27595761e-12  -2.06200639e-08  -7.27595761e-12
   6.82484824e-09   2.92493496e-09   3.79804987e-09   1.52722350e-07
   5.22195478e-08  -3.63645086e-07   1.64858648e-07   7.27595761e-12
   7.27595761e-12]
nit    93

0.743645490939
-0.521370379681
-0.67852598302
0.188972885185
0.188972885185
0.188972885185
-0.630375378085
0.292931431237
0.290350423284
0.0110548768076
-0.169738237991
0.433092401099
0.0779154405754
0.0779154405754
0.562858150407
-0.454512616281
-0.469322742262
-0.537864627358
0.405027654202
-0.440920931827
0.281557803951
-0.101693876254
0.0870190013766
0.0870190013766
0.0870190013766
