status    0
success    True
njev    81
nfev    1782
fun    0.000630421442999
x    [ 0.77267919 -0.54501913 -1.02081434  0.26438476  0.26438476  0.26438476
 -0.81017753  0.29659807  1.01464315 -0.26186607 -0.49249264  0.59235375
  0.08985574  0.08985574  0.64455096 -0.73093928 -0.51106297 -0.55088738
  0.36050775 -0.73093928]
message    Optimization terminated successfully.
jac    [ -6.39018253e-07  -2.54440238e-07   1.64953235e-06  -7.49423634e-07
   0.00000000e+00   0.00000000e+00  -9.04401531e-08   3.61105776e-08
   5.52536221e-07  -4.46016202e-08  -7.92730134e-07  -1.69260602e-07
   2.28246790e-07   0.00000000e+00   2.18911737e-07   7.12316250e-08
   4.00905265e-09   3.08864401e-08  -1.85536919e-09   0.00000000e+00]
nit    81

0.772679187632
-0.545019131218
-1.02081434193
0.26438476184
0.26438476184
0.26438476184
-0.810177532215
0.29659807217
1.01464315161
-0.26186606976
-0.492492641603
0.592353747156
0.0898557360158
0.0898557360158
0.644550958716
-0.730939283098
-0.51106296831
-0.550887378123
0.360507754521
-0.730939283098
