status    0
success    True
njev    79
nfev    1740
fun    0.000614442318174
x    [ 0.30083695 -0.80003022  0.31103722  0.24760285  0.00430952 -0.01755485
  0.44468211  0.03064303  0.03064303  0.53618057 -0.47231323 -0.47570995
 -0.54750003  0.40717303 -0.41587205  0.27903716 -0.18821642  0.10835044
  0.10835044  0.10835044]
message    Optimization terminated successfully.
jac    [  8.78208084e-09   2.44981493e-08   1.05137588e-08  -1.16291631e-07
   2.13258318e-08   5.32090780e-08   5.44896466e-08   1.11904228e-08
  -7.27595761e-12  -1.76150934e-08  -1.17797754e-08   2.11730367e-09
  -3.64525476e-09   5.81349013e-09   3.08449671e-07   1.15331204e-07
  -7.56161171e-07   3.38673999e-07  -7.27595761e-12  -7.27595761e-12]
nit    79

0.300836952655
-0.800030222444
0.311037220542
0.247602845587
0.00430951739367
-0.0175548547179
0.444682105877
0.0306430295569
0.0306430295569
0.536180568967
-0.47231323126
-0.475709952816
-0.54750003433
0.407173025434
-0.415872052044
0.279037162187
-0.188216420629
0.108350436829
0.108350436829
0.108350436829
