status    0
success    True
njev    90
nfev    2070
fun    0.000906470751458
x    [ 0.86793941  0.86793941 -2.26723142  0.81390295 -0.13965738  0.33547018
 -0.35294911  0.81883554  0.22113155  0.22113155  0.66771468 -0.48801961
 -0.46958822 -0.55378084  0.45716131 -0.61325467  0.33719777 -0.08877751
  0.12161147  0.12161147  0.12161147]
message    Optimization terminated successfully.
jac    [ -3.96030373e-08   0.00000000e+00   6.72298484e-08  -1.39101758e-07
  -1.66241080e-07  -5.17320586e-09   3.97558324e-08  -1.98655471e-07
   3.18541424e-08   0.00000000e+00   1.35245500e-07  -2.65346898e-07
   1.25866791e-07   1.89014827e-07   2.61119567e-07  -2.30371370e-07
   4.35757102e-08   7.32368790e-07  -5.41331246e-07   0.00000000e+00
   0.00000000e+00]
nit    90

0.867939414367
0.867939414367
-2.26723142303
0.813902945765
-0.139657379862
0.335470182708
-0.352949107283
0.818835535338
0.221131546231
0.221131546231
0.667714684791
-0.488019608929
-0.469588221965
-0.553780835061
0.457161306333
-0.613254665007
0.337197771072
-0.0887775098626
0.121611467932
0.121611467932
0.121611467932
