status    0
success    True
njev    85
nfev    1956
fun    0.000402467576958
x    [ 0.43232318 -0.43962236 -0.35056685  0.11928868  0.11928868  0.11928868
 -0.4338387   0.23157307  0.41158347 -0.015051   -0.22846879  0.48189527
  0.0865114   0.0865114   0.58683315 -0.47747337 -0.47498526 -0.53839435
  0.4034958  -0.53961569  0.4194236 ]
message    Optimization terminated successfully.
jac    [ -9.45183274e-08  -3.79623089e-08   2.61665264e-07  -1.18754542e-07
   0.00000000e+00   0.00000000e+00   6.14454621e-08  -1.05501385e-09
  -3.15587386e-07   7.23412086e-08   3.50079063e-07   7.02857506e-08
  -8.65802576e-08   0.00000000e+00  -8.13852239e-08  -4.22369340e-09
   6.71570888e-09  -9.79343895e-09   8.15998646e-09   1.06629159e-08
  -9.89530236e-09]
nit    85

0.432323184551
-0.439622362241
-0.350566849887
0.119288675859
0.119288675859
0.119288675859
-0.433838700602
0.231573065511
0.411583472001
-0.0150509981033
-0.228468789796
0.481895271734
0.0865113995762
0.0865113995762
0.586833145667
-0.477473370328
-0.474985259211
-0.538394353875
0.403495803651
-0.539615685733
0.419423599931
