status    0
success    True
njev    82
nfev    2297
fun    0.000577166716254
x    [ 0.80240577 -0.54450749 -0.72273244  0.19632083  0.19632083  0.19632083
 -0.65397417  0.2981441   0.25151565  0.01158262 -0.37950132  0.70596776
  0.11515508  0.11515508  0.69331764 -0.53677038 -0.49354623 -0.93499692
  0.40397555  0.40397555 -0.66412807  0.36501872 -0.19614696  0.12370932
  0.12370932  0.12370932]
message    Optimization terminated successfully.
jac    [ -1.32233254e-07  -3.05546564e-07   1.06972584e-06  -5.08021913e-07
  -7.27595761e-12  -7.27595761e-12  -1.07019878e-06  -1.57211616e-07
   2.04937533e-06  -1.18865137e-06   5.11940016e-06  -6.29057467e-07
  -1.90777791e-06  -7.27595761e-12  -4.39489668e-07  -2.06106051e-07
  -3.85181920e-07  -1.40310294e-06   2.61607056e-07  -7.27595761e-12
  -6.36493496e-07  -1.94915629e-07   1.39131589e-06  -5.81669156e-07
  -7.27595761e-12  -7.27595761e-12]
nit    82

0.80240576511
-0.544507488742
-0.722732442423
0.196320831949
0.196320831949
0.196320831949
-0.653974172103
0.298144097683
0.251515651437
0.0115826217462
-0.379501320681
0.705967761717
0.115155079301
0.115155079301
0.693317640093
-0.536770384289
-0.493546227067
-0.934996921058
0.40397554696
0.40397554696
-0.664128069179
0.365018724064
-0.196146955617
0.123709323647
0.123709323647
0.123709323647
