status    0
success    True
njev    82
nfev    1886
fun    0.000726798856968
x    [ 0.78130129 -0.54399465 -1.06007412  0.27425583  0.27425583  0.27425583
 -0.81869264  0.29886348  1.01008121 -0.2674645  -0.47189399  0.5978305
  0.0681813   0.0681813   0.69775167 -0.73514569 -0.53501835 -0.90261099
  0.3625412   0.3625412  -0.73514569]
message    Optimization terminated successfully.
jac    [ -5.02375769e-07  -1.99514034e-07   1.30195986e-06  -5.94278390e-07
   0.00000000e+00   0.00000000e+00  -1.36074959e-07   2.97804945e-08
   8.25355528e-07  -1.30363333e-07  -9.99083568e-07  -2.26638804e-07
   2.81310349e-07   0.00000000e+00   2.92493496e-07   8.10468919e-08
  -1.01790647e-08   2.32612365e-08   1.74550223e-08   0.00000000e+00
   0.00000000e+00]
nit    82

0.781301294365
-0.54399465429
-1.06007411984
0.274255826588
0.274255826588
0.274255826588
-0.818692636218
0.298863480815
1.01008120528
-0.267464495486
-0.471893992949
0.597830496566
0.0681812962322
0.0681812962322
0.69775166574
-0.735145688306
-0.535018351587
-0.902610989616
0.362541200802
0.362541200802
-0.735145688306
