status    0
success    True
njev    77
nfev    1848
fun    0.00111040794624
x    [ 0.90737066  0.90737066 -2.37637469  0.84123395 -0.22489813  0.37510751
 -0.61405089  0.87554656  0.28742782  0.28742782  0.74350646 -0.49980286
 -0.46103198 -0.88321129  0.4171892   0.4171892  -0.567621    0.32610338
 -0.1937228   0.14508014  0.14508014  0.14508014]
message    Optimization terminated successfully.
jac    [  2.89684976e-07  -1.45519152e-11  -2.92944605e-07   1.38723408e-07
  -2.48226570e-07  -2.83573172e-07   5.14303974e-06  -3.79368430e-08
  -1.72088039e-06  -1.45519152e-11  -2.50703306e-06   2.03290256e-08
   1.83063094e-07   3.16547812e-07  -9.63380444e-07  -1.45519152e-11
   2.06549885e-07  -6.59201760e-08  -3.29237082e-07   1.92041625e-07
  -1.45519152e-11  -1.45519152e-11]
nit    77

0.907370659293
0.907370659293
-2.37637469095
0.841233948924
-0.224898130813
0.37510750882
-0.614050887621
0.875546559102
0.287427821372
0.287427821372
0.743506462795
-0.499802856455
-0.461031983168
-0.883211289452
0.417189198745
0.417189198745
-0.56762100194
0.326103379268
-0.193722796039
0.14508013957
0.14508013957
0.14508013957
