status    0
success    True
njev    69
nfev    1588
fun    0.000665258363825
x    [ 0.31249027 -0.81679729  0.31082791  0.31296517  0.00214646 -0.3655075
  0.44561616  0.10627014  0.10627014  0.68004119 -0.47248303 -0.49788826
 -0.92042841  0.39823853  0.39823853 -0.4158131   0.2806962  -0.18194829
  0.10568839  0.10568839  0.10568839]
message    Optimization terminated successfully.
jac    [ -5.90516720e-08  -1.00605394e-06  -9.32777766e-08   5.14136627e-06
  -1.51006680e-06  -1.59448246e-06  -1.23211066e-06   7.03657861e-08
   0.00000000e+00   7.74613000e-07   1.12500857e-07  -1.97673216e-07
  -4.97362635e-07   1.42936187e-07   0.00000000e+00   1.97920599e-07
   1.85376848e-07  -7.78112735e-07   4.00592398e-07   0.00000000e+00
   0.00000000e+00]
nit    69

0.312490266236
-0.816797287354
0.310827905681
0.312965167867
0.00214645764722
-0.365507502133
0.445616160671
0.106270139819
0.106270139819
0.680041191621
-0.472483030716
-0.497888258489
-0.920428407345
0.398238528336
0.398238528336
-0.415813096109
0.280696202372
-0.181948287246
0.105688393661
0.105688393661
0.105688393661
