status    0
success    True
njev    77
nfev    1848
fun    0.000492612365892
x    [ 0.46342595 -0.44347729 -0.4593578   0.14646971  0.14646971  0.14646971
 -0.42881746  0.23318003  0.41580591 -0.00688566 -0.48603529  0.48984916
  0.13593523  0.13593523  0.79440912 -0.48025915 -0.51818381 -1.02351231
  0.42970237  0.42970237 -0.5385777   0.41775194]
message    Optimization terminated successfully.
jac    [  6.32549927e-07   4.79856681e-07  -2.11540464e-06   1.01148908e-06
   0.00000000e+00   0.00000000e+00  -2.45148840e-07   9.33432602e-08
  -2.00932845e-07  -6.22021616e-08   1.66725658e-06  -4.80504241e-08
  -3.74573574e-07   0.00000000e+00  -2.67320138e-06  -6.19693310e-08
   7.74714863e-07   1.79478957e-06  -4.80162271e-07   0.00000000e+00
  -9.79998731e-08  -9.72795533e-09]
nit    77

0.463425953952
-0.443477290371
-0.459357803916
0.146469713445
0.146469713445
0.146469713445
-0.428817457779
0.233180032091
0.415805913852
-0.00688566213619
-0.486035288387
0.489849164989
0.135935231101
0.135935231101
0.794409115251
-0.480259147655
-0.518183814606
-1.02351231047
0.4297023731
0.4297023731
-0.538577698211
0.417751944662
