status    0
success    True
njev    75
nfev    1951
fun    0.000947934842849
x    [ 1.0874826  -0.64371803 -1.13627456  0.27535992  0.27535992  0.27535992
 -0.83086495  0.31658797  0.36228435 -0.10259876  0.51322603  0.53454685
 -0.21793011 -0.21793011  0.6151951  -0.51401662 -0.72924987 -0.72924987
 -0.60999706  0.35951233 -0.15911436  0.09200977  0.09200977  0.09200977]
message    Optimization terminated successfully.
jac    [ -1.53899600e-06  -3.98984412e-07   3.64873995e-06  -1.45741069e-06
   7.27595761e-12   7.27595761e-12  -1.18679600e-06  -1.16233423e-07
   4.44711623e-06  -1.53879955e-06   9.57632437e-07  -1.37722964e-06
  -7.83045834e-07   7.27595761e-12  -1.36584276e-07  -4.10509529e-08
  -2.06942786e-07   7.27595761e-12  -8.43952876e-07  -6.06953108e-07
   2.37565837e-06  -1.11458212e-06   7.27595761e-12   7.27595761e-12]
nit    75

1.08748259631
-0.643718032266
-1.13627455527
0.275359919786
0.275359919786
0.275359919786
-0.830864953298
0.316587965772
0.36228435057
-0.102598763648
0.513226033802
0.5345468501
-0.217930110213
-0.217930110213
0.61519510026
-0.514016616852
-0.72924987314
-0.72924987314
-0.609997055165
0.359512327201
-0.159114361783
0.0920097738715
0.0920097738715
0.0920097738715
