status    0
success    True
njev    74
nfev    1554
fun    0.000932746084856
x    [ 0.99165704 -0.66167548 -1.0155859   0.22853478  0.22853478  0.22853478
 -1.07437121  0.37869557  1.10406512 -0.4010066   0.99448591  0.54452056
 -0.43159551 -0.43159551  0.51530048 -0.79242418 -0.80682522 -0.80682522
 -0.79242418]
message    Optimization terminated successfully.
jac    [ -4.96860594e-07  -1.38774340e-07   1.31062552e-06  -6.70457666e-07
   0.00000000e+00   0.00000000e+00  -2.01835064e-08  -4.62750904e-08
  -4.48184437e-07   9.74177965e-08   7.84268195e-07   9.79125616e-08
  -2.60275556e-07   0.00000000e+00  -2.51427991e-07   9.23537300e-08
  -1.91575964e-08   0.00000000e+00   0.00000000e+00]
nit    74

0.991657038317
-0.661675480347
-1.01558590106
0.228534781029
0.228534781029
0.228534781029
-1.07437121385
0.378695570495
1.10406512372
-0.401006603509
0.994485911518
0.54452055906
-0.431595514258
-0.431595514258
0.515300475417
-0.792424180139
-0.806825217028
-0.806825217028
-0.792424180139
