status    0
success    True
njev    72
nfev    1512
fun    0.00108375217554
x    [ 0.28428707 -0.9234189   0.28428707  0.58257198 -0.15705857  0.509174
  0.14816849 -0.23542634 -0.23542634  0.63725363 -0.40426978 -0.74507115
 -0.74507115 -0.40574065  0.29572704 -0.01924563  0.04308641  0.04308641
  0.04308641]
message    Optimization terminated successfully.
jac    [ -1.23862992e-06  -4.89075319e-07   1.45519152e-11  -1.37777533e-07
   1.00713805e-07   3.22557753e-07   6.90633897e-08   2.14902684e-07
   1.45519152e-11   2.95345671e-07  -8.17526598e-08   9.69681423e-07
   1.45519152e-11   6.69358997e-07   3.01370164e-07  -1.84326200e-06
   8.76098056e-07   1.45519152e-11   1.45519152e-11]
nit    72

0.2842870699
-0.923418904967
0.2842870699
0.582571975332
-0.157058568324
0.50917399881
0.148168492666
-0.235426341637
-0.235426341637
0.637253626029
-0.404269782008
-0.745071147033
-0.745071147033
-0.405740646144
0.295727041365
-0.0192456307251
0.0430864118346
0.0430864118346
0.0430864118346
