status    0
success    True
njev    87
nfev    1914
fun    0.00277687498191
x    [ 0.52961287  0.52961287 -0.8170946   0.40666152 -1.71387843  0.59486654
  0.55323383  1.09786916 -0.00644565 -0.00644565  0.36341923 -0.51898324
 -0.50621423 -0.50621423 -0.271634    0.25090427 -0.48812033  0.16961669
  0.16961669  0.16961669]
message    Optimization terminated successfully.
jac    [ -1.68511178e-08   0.00000000e+00   5.99829946e-08  -1.86264515e-08
  -1.88912963e-07   4.19095159e-08   4.02418664e-07  -1.85973477e-08
  -1.12107955e-07   0.00000000e+00  -1.76922185e-07   3.40514816e-09
   3.39059625e-08   0.00000000e+00  -6.17990736e-07  -2.47091521e-07
   1.57335307e-06  -7.06873834e-07   0.00000000e+00   0.00000000e+00]
nit    87

0.529612874307
0.529612874307
-0.817094597472
0.406661518352
-1.71387843331
0.594866536403
0.553233825967
1.09786916149
-0.00644565291615
-0.00644565291615
0.363419234985
-0.518983235023
-0.506214227085
-0.506214227085
-0.271633997589
0.25090427117
-0.488120333262
0.16961668656
0.16961668656
0.16961668656
