status    0
success    True
njev    83
nfev    1826
fun    0.000911273661441
x    [ 0.72536441 -0.54485804 -0.82843818  0.21597727  0.21597727  0.21597727
 -0.69289091  0.27463554  0.62674499 -0.18853393  0.79619475  0.52109413
 -0.33055857 -0.33055857  0.58112886 -0.57639071 -0.74068549 -0.74068549
 -0.60610356  0.40660896]
message    Optimization terminated successfully.
jac    [ -1.63447112e-07  -5.27434167e-08   4.33181413e-07  -2.12407031e-07
   7.27595761e-12   7.27595761e-12   1.50757842e-08  -9.71340341e-09
  -1.95992470e-07   4.85597411e-08   2.19639332e-07   2.19733920e-08
  -5.35656000e-08   7.27595761e-12  -4.76284185e-08   5.02768671e-09
   1.75641617e-08   7.27595761e-12   9.26957000e-09   6.98491931e-10]
nit    83

0.725364406213
-0.544858040959
-0.828438178005
0.215977270917
0.215977270917
0.215977270917
-0.692890907347
0.274635541648
0.626744985077
-0.18853393403
0.796194753901
0.521094134434
-0.330558570958
-0.330558570958
0.581128862213
-0.576390712584
-0.740685491483
-0.740685491483
-0.60610356142
0.406608962988
