status    0
success    True
njev    65
nfev    1562
fun    0.000748036240879
x    [ 0.97825373 -0.63795203 -0.93782924  0.23000891  0.23000891  0.23000891
 -0.89142671  0.30630911  0.98904211 -0.21155228 -0.44736166  0.33367298
  0.09881042  0.09881042 -0.79863624 -0.47766813 -0.53172327  0.30302037
 -0.01144289  0.04921553  0.04921553  0.04921553]
message    Optimization terminated successfully.
jac    [ -4.29950887e-07  -4.09345375e-07   5.84295776e-07  -6.01961801e-07
  -1.45519152e-11  -1.45519152e-11  -1.26354280e-07   2.25518306e-07
   3.61374987e-07   2.05145625e-07  -2.10989674e-06   1.95075700e-07
   6.25848770e-07  -1.45519152e-11   5.16090950e-07   1.21093763e-07
  -1.53997826e-06  -3.55779775e-07   4.09899803e-06  -1.26029772e-06
  -1.45519152e-11  -1.45519152e-11]
nit    65

0.978253734258
-0.637952031859
-0.937829236254
0.230008907827
0.230008907827
0.230008907827
-0.891426711245
0.306309108083
0.989042108499
-0.211552281141
-0.447361661653
0.333672979782
0.0988104161577
0.0988104161577
-0.798636242183
-0.477668132457
-0.531723265814
0.303020365832
-0.0114428897833
0.0492155333802
0.0492155333802
0.0492155333802
