status    0
success    True
njev    82
nfev    1968
fun    0.000775397721375
x    [ 0.761145   -0.57806691 -0.71367551  0.18270855  0.18270855  0.18270855
 -0.80987139  0.26370776  1.24608349 -0.28385117 -0.44400158  0.04613143
  0.08181555  0.08181555 -0.80029512 -0.39906274 -0.39694544  0.25477221
  0.10266896  0.01316809  0.01316809  0.01316809]
message    Optimization terminated successfully.
jac    [  4.03597369e-07  -1.03391358e-07  -1.43556099e-06  -1.99834176e-07
  -2.18278728e-11  -2.18278728e-11   2.96415237e-07   4.04463208e-07
   2.03581294e-08   4.17567207e-07  -2.47907155e-06   7.77654350e-08
   1.33599679e-06  -2.18278728e-11   6.86719432e-07   6.28620910e-07
  -1.09530083e-06  -4.14322130e-07   3.39522376e-06  -1.88157719e-06
  -2.18278728e-11  -2.18278728e-11]
nit    82

0.761144999493
-0.578066910777
-0.713675508181
0.182708546507
0.182708546507
0.182708546507
-0.809871394185
0.263707762157
1.24608349374
-0.283851170393
-0.444001584687
0.0461314315512
0.0818155530033
0.0818155530033
-0.800295122702
-0.399062741548
-0.396945444549
0.25477220697
0.102668964371
0.0131680910693
0.0131680910693
0.0131680910693
