status    0
success    True
njev    67
nfev    1274
fun    0.000933078726995
x    [ 0.9573198  -0.68236111 -0.75607424  0.16037185  0.16037185  0.16037185
 -1.21928296  0.4074517   1.7625979  -0.49492485 -0.07013823  0.41856401
 -0.08609686 -0.08609686 -1.07574078 -0.77816653 -0.77816653]
message    Optimization terminated successfully.
jac    [ -1.56418537e-06  -5.82636858e-07   3.99747660e-06  -1.84612145e-06
   0.00000000e+00   0.00000000e+00  -3.08224116e-07   5.32018021e-08
   8.22961738e-07  -1.25641236e-07  -5.08298399e-07  -2.40594090e-07
   1.15629518e-07   0.00000000e+00   8.77407729e-08   1.20693585e-07
   0.00000000e+00]
nit    67

0.957319802354
-0.682361112421
-0.75607424457
0.160371851546
0.160371851546
0.160371851546
-1.21928296387
0.407451702364
1.762597905
-0.494924854724
-0.070138233905
0.418564012827
-0.0860968613372
-0.0860968613372
-1.07574077941
-0.778166532803
-0.778166532803
