status    0
success    True
njev    76
nfev    1520
fun    0.00192301375859
x    [ 0.59379524  0.59379524 -0.99933712  0.58033183 -2.1391827   1.00529495
 -1.62787839  1.14915887  0.77793433  0.77793433 -0.23311031 -0.47873627
 -0.5852133   0.25243192  0.83629818 -0.16783893 -0.16783893 -0.16783893]
message    Optimization terminated successfully.
jac    [ -1.20777986e-06   0.00000000e+00  -5.93805453e-07  -5.67422830e-07
   5.87955583e-07  -1.62181095e-07  -4.40864824e-07   2.08383426e-08
   1.62501237e-06   0.00000000e+00   5.11165126e-07   2.35944754e-07
  -1.47396349e-07  -2.05749529e-07   1.02823833e-07   2.52315658e-07
   0.00000000e+00   0.00000000e+00]
nit    76

0.593795243639
0.593795243639
-0.999337121041
0.580331834848
-2.13918269742
1.00529494847
-1.62787838689
1.14915886944
0.777934325193
0.777934325193
-0.233110314161
-0.47873627091
-0.585213301673
0.252431921489
0.83629818355
-0.167838934455
-0.167838934455
-0.167838934455
