status    0
success    True
njev    65
nfev    1236
fun    0.000922422123089
x    [ 0.29233341 -0.96829863  0.27830086  0.93832442 -0.22161061 -0.25896679
  0.09560799  0.04659558  0.04659558 -0.85508209 -0.39379973 -0.40043509
  0.26792619  0.10753215  0.00832558  0.00832558  0.00832558]
message    Optimization terminated successfully.
jac    [  1.32560672e-07   1.05901563e-07   3.83661245e-08   3.22812411e-07
  -1.69522536e-07  -6.64884283e-07   8.13743100e-08  -1.28638931e-08
   0.00000000e+00   5.55883162e-08   1.27853127e-07   4.88478690e-07
   1.73364242e-07  -1.34811125e-06   6.90430170e-07   0.00000000e+00
   0.00000000e+00]
nit    65

0.29233341413
-0.968298626939
0.278300858361
0.938324419704
-0.221610611032
-0.25896678897
0.0956079932351
0.0465955798386
0.0465955798386
-0.855082091621
-0.393799726545
-0.400435087161
0.267926192124
0.10753214982
0.00832558173884
0.00832558173884
0.00832558173884
