status    0
success    True
njev    72
nfev    1440
fun    0.000680079681073
x    [ 0.67382298 -0.5575782  -0.54088404  0.14154642  0.14154642  0.14154642
 -0.79340795  0.28307375  1.18802535 -0.24723082 -0.3792403   0.26375758
  0.06607505  0.06607505 -0.81335652 -0.4896866  -0.54412243  0.40003784]
message    Optimization terminated successfully.
jac    [ -1.91522122e-06  -7.22197001e-07   4.89265949e-06  -2.24896212e-06
   0.00000000e+00   0.00000000e+00  -2.51173333e-07   8.73478712e-08
   5.26764779e-07   6.06014510e-08  -1.44587830e-06  -7.84129952e-08
   5.03670890e-07   0.00000000e+00   3.31674528e-07   1.00211764e-07
   1.31913112e-07   5.96701284e-08]
nit    72

0.673822976556
-0.557578204314
-0.540884043123
0.141546423627
0.141546423627
0.141546423627
-0.79340794713
0.283073750753
1.18802534564
-0.247230821873
-0.379240295763
0.263757579785
0.0660750459544
0.0660750459544
-0.81335651694
-0.489686596877
-0.544122432517
0.400037843019
