status    0
success    True
njev    66
nfev    1651
fun    0.000541164939913
x    [ 0.70844319 -0.54242831 -0.36944064  0.10485451  0.10485451  0.10485451
 -0.50457895  0.30881263 -0.22745256  0.21585113 -0.65042274  0.81848833
  0.27100868  0.27100868 -0.13882622 -0.52324841  0.15935945 -0.69025299
  0.36544554 -0.02431212  0.07932726  0.07932726  0.07932726]
message    Optimization terminated successfully.
jac    [  2.55691702e-07   1.19034667e-08  -2.15651380e-06   5.47683157e-07
   7.27595761e-12   7.27595761e-12  -6.29835995e-07   1.84081728e-09
   3.31857882e-06  -8.19010893e-07  -2.38726352e-06  -9.67964297e-07
   7.46302248e-07   7.27595761e-12   3.90449713e-07   2.28101271e-07
   1.42885256e-07  -2.18686182e-07  -4.96511348e-08   2.08069832e-06
  -3.54819349e-07   7.27595761e-12   7.27595761e-12]
nit    66

0.708443193433
-0.542428310199
-0.369440636451
0.104854513435
0.104854513435
0.104854513435
-0.504578946897
0.308812627126
-0.227452558189
0.215851125685
-0.650422743897
0.818488325025
0.271008678209
0.271008678209
-0.138826218972
-0.523248414243
0.159359447945
-0.690252994017
0.365445537333
-0.0243121237097
0.0793272644354
0.0793272644354
0.0793272644354
