status    0
success    True
njev    67
nfev    1677
fun    0.0005472764773
x    [ 0.75042479 -0.54846412 -0.4171927   0.11544862  0.11544862  0.11544862
 -0.5291755   0.32527354 -0.24422857  0.24096663 -0.61443962  0.59779293
  0.26419595  0.26419595 -0.14419025 -0.45276957  0.16126469 -0.48231495
  0.29360152  0.02571205  0.05433379  0.05433379  0.05433379]
message    Optimization terminated successfully.
jac    [  2.22353265e-08   1.04075298e-07  -6.29152055e-07   2.02409865e-07
   0.00000000e+00   0.00000000e+00  -3.45207809e-07   1.39625627e-08
   2.31136801e-06  -5.10350219e-07  -1.19483593e-06  -5.48592652e-07
   2.93875928e-07   0.00000000e+00   1.19231117e-07   1.62224751e-07
   8.64019967e-08  -6.97611540e-07  -1.69660780e-07   1.51789573e-06
  -6.44751708e-07   0.00000000e+00   0.00000000e+00]
nit    67

0.750424792705
-0.548464120891
-0.417192700289
0.115448615963
0.115448615963
0.115448615963
-0.52917549572
0.325273536143
-0.244228570026
0.240966626269
-0.614439618256
0.597792934708
0.264195947245
0.264195947245
-0.144190250394
-0.452769567139
0.161264690512
-0.482314953242
0.293601523838
0.0257120488761
0.0543337935091
0.0543337935091
0.0543337935091
