status    0
success    True
njev    56
nfev    1120
fun    0.000694932564102
x    [ 0.70415864 -0.55054983 -0.65069763  0.16569627  0.16569627  0.16569627
 -0.74886092  0.32326082  0.64100381 -0.11718005 -0.33833405  0.68339443
  0.09457207  0.09457207 -0.30505698 -0.73149317  0.13561513 -0.73149317]
message    Optimization terminated successfully.
jac    [ -9.97897587e-07  -2.62341928e-07   2.65386916e-06  -1.38758332e-06
  -2.91038305e-11  -2.91038305e-11  -6.27856934e-07  -4.19924618e-07
  -6.83285180e-07  -6.32433512e-07   6.23325468e-06   3.12014890e-07
  -2.36705819e-06  -2.91038305e-11  -1.42356294e-06  -2.23415555e-07
  -1.40644261e-07  -2.91038305e-11]
nit    56

0.704158640845
-0.550549834659
-0.650697625368
0.165696273061
0.165696273061
0.165696273061
-0.748860919411
0.323260816444
0.641003810826
-0.11718004675
-0.338334053861
0.683394434962
0.0945720708028
0.0945720708028
-0.305056984615
-0.731493167053
0.135615134905
-0.731493167053
