status    0
success    True
njev    52
nfev    1040
fun    0.000706101828863
x    [ 0.32204813 -0.76417364  0.32204813  0.11770745  0.10247279 -0.58070683
  0.51567724  0.22653943  0.22653943 -0.19432101 -0.46461674  0.17078563
 -0.43334741  0.29290337 -0.20775206  0.11606537  0.11606537  0.11606537]
message    Optimization terminated successfully.
jac    [  1.35129085e-07  -2.43766408e-07   0.00000000e+00   1.74931483e-06
  -9.65374056e-08  -3.29857721e-06  -1.45912054e-07   9.76906449e-07
   0.00000000e+00   6.75063347e-07   3.85734893e-07  -1.07247615e-07
  -5.39730536e-07  -1.47658284e-07   8.86859198e-07  -1.93860615e-07
   0.00000000e+00   0.00000000e+00]
nit    52

0.322048128078
-0.764173638966
0.322048128078
0.117707449442
0.102472788609
-0.580706832493
0.515677235683
0.226539426525
0.226539426525
-0.194321005175
-0.46461673817
0.170785631865
-0.43334741179
0.292903374641
-0.20775206223
0.11606536646
0.11606536646
0.11606536646
