status    0
success    True
njev    77
nfev    1618
fun    0.000822752804351
x    [  6.97376268e-01   6.97376268e-01  -1.61641411e+00   6.53181132e-01
  -3.02897473e-01   4.24378570e-01  -1.00134461e+00   8.65877554e-01
   4.38300264e-01   4.38300264e-01   7.64553647e-04  -4.87763413e-01
   1.92864733e-01  -6.71951031e-01   3.32109758e-01   1.90086125e-01
   4.99183827e-02   4.99183827e-02   4.99183827e-02]
message    Optimization terminated successfully.
jac    [ -1.06665539e-07  -1.45519152e-11   3.63099389e-07  -9.60208126e-08
  -1.58441253e-07   3.92974471e-08  -1.25277438e-07   8.46193871e-09
   6.40357030e-08  -1.45519152e-11   3.37458914e-08   6.58474164e-09
   6.54836185e-11  -3.47114110e-07  -1.25706720e-07   8.53076926e-07
  -3.75519448e-07  -1.45519152e-11  -1.45519152e-11]
nit    77

0.697376267531
0.697376267531
-1.61641411078
0.653181131857
-0.302897473461
0.424378570465
-1.00134460891
0.865877553737
0.438300263818
0.438300263818
0.00076455364684
-0.487763412522
0.192864733273
-0.67195103107
0.332109757793
0.190086125083
0.0499183827311
0.0499183827311
0.0499183827311
