status    0
success    True
njev    83
nfev    2076
fun    0.000567923115082
x    [ 0.40787959 -0.46983686 -0.01659824  0.02618517  0.02618517  0.02618517
 -0.30132328  0.23976706 -0.18189508  0.19555786 -0.66077878  0.74950167
  0.26647802  0.26647802 -0.14208125 -0.50580609  0.16149617 -0.63382761
  0.34682703 -0.04927354  0.08295993  0.08295993  0.08295993]
message    Optimization terminated successfully.
jac    [ -3.22208507e-07  -2.54527549e-07   2.88564479e-07   2.95141945e-07
   0.00000000e+00   0.00000000e+00   5.81203494e-08   4.27848136e-07
   1.33174763e-06  -2.46494892e-07  -4.09789209e-07  -4.36863047e-07
  -9.70445399e-07   0.00000000e+00  -5.69518306e-07   2.94334313e-07
  -8.42803274e-07   4.78299626e-07   1.09510438e-07   1.72840373e-07
   6.84944098e-07   0.00000000e+00   0.00000000e+00]
nit    83

0.407879587275
-0.469836858283
-0.0165982442239
0.0261851717437
0.0261851717437
0.0261851717437
-0.301323276087
0.239767063184
-0.181895077503
0.195557863277
-0.660778776201
0.749501673394
0.266478018636
0.266478018636
-0.142081246937
-0.505806092675
0.161496167095
-0.633827614852
0.346827027918
-0.0492735384625
0.0829599301927
0.0829599301927
0.0829599301927
