status    0
success    True
njev    71
nfev    1491
fun    0.000482335694286
x    [ 0.39722643 -0.44561086 -0.12914684  0.05917709  0.05917709  0.05917709
 -0.33108429  0.24341064  0.09338953  0.13454256 -0.59359776  0.54621193
  0.23446968  0.23446968 -0.16722414 -0.46093189  0.17191798 -0.51316207
  0.40758812]
message    Optimization terminated successfully.
jac    [ -1.29355612e-07  -1.51259883e-07   1.17175659e-07   1.72338332e-07
  -3.63797881e-12  -3.63797881e-12  -2.11141014e-07   1.60707714e-07
   1.20087861e-06  -4.17403498e-07   6.23695087e-08  -3.29990144e-07
  -8.13852239e-08  -3.63797881e-12  -1.22141500e-07  -1.34023139e-08
   1.76805770e-09  -1.27307430e-07  -7.84239091e-08]
nit    71

0.397226430731
-0.445610857707
-0.129146844051
0.059177090342
0.059177090342
0.059177090342
-0.331084285997
0.243410644514
0.0933895299687
0.134542562936
-0.593597759029
0.546211934627
0.234469684829
0.234469684829
-0.167224140645
-0.460931885004
0.171917977197
-0.513162071395
0.407588123168
