status    0
success    True
njev    83
nfev    2409
fun    0.00054389250487
x    [ 0.6510104  -0.52197097 -0.51381876  0.1518594   0.1518594   0.1518594
 -0.64209173  0.27643512  0.39479963 -0.01933747  0.05631014  0.55581862
  0.0146894   0.0146894  -0.1512512  -0.50006191 -0.07557152 -0.32541759
  0.13845246  0.13845246  0.13845246 -0.5846891   0.31844238 -0.12066569
  0.10058175  0.10058175  0.10058175]
message    Optimization terminated successfully.
jac    [ -4.60182491e-07   1.15687726e-09   1.59394403e-07  -1.58142939e-07
   0.00000000e+00   0.00000000e+00   4.15173417e-07  -1.08331733e-07
  -5.99495252e-07   1.30443368e-07   5.58116881e-07  -1.97425834e-07
  -1.64131052e-07   0.00000000e+00  -9.12477844e-08   7.35162757e-08
  -4.28612111e-07   1.77309266e-06  -6.20195351e-07   0.00000000e+00
   0.00000000e+00   1.32422429e-07  -2.09271093e-07   2.20607035e-07
  -1.97280315e-07   0.00000000e+00   0.00000000e+00]
nit    83

0.651010404993
-0.521970967744
-0.513818762006
0.151859401133
0.151859401133
0.151859401133
-0.642091726331
0.276435115968
0.394799628087
-0.0193374741964
0.0563101380765
0.555818622876
0.0146894014025
0.0146894014025
-0.151251201877
-0.500061905408
-0.0755715161348
-0.325417587664
0.138452462827
0.138452462827
0.138452462827
-0.584689100895
0.318442380737
-0.120665690881
0.100581749238
0.100581749238
0.100581749238
