status    0
success    True
njev    8
nfev    233
fun    0.0197933730029
x    [ 0.86846173 -0.60231867 -0.59487679  0.13952733  0.13952733  0.13952733
 -0.87897017  0.14636191  0.08122492 -0.12270868 -0.54227807  0.6224821
  0.06658953  0.06658953 -0.31241632 -0.12674714 -0.16863336 -0.29103782
  0.12327431  0.12327431  0.12327431 -0.12663113]
message    Optimization terminated successfully.
jac    [ 4128.0437633   4128.04275268  4128.04439731  4128.04777526  4128.04296238
  4128.04296238  4128.03845759  4128.04022916  4128.04058891  4128.03926787
  4128.03678857  4128.0495535   4128.0296588   4128.04296238  4128.03413542
  4128.03360349  4128.03839114  4128.04188891  4128.04176808  4128.04296238
  4128.04296238  4128.04296238]
nit    8

0.868461726633
-0.602318674145
-0.594876788819
0.139527329564
0.139527329564
0.139527329564
-0.878970166853
0.146361913558
0.08122491657
-0.122708682796
-0.542278074933
0.622482097959
0.0665895335569
0.0665895335569
-0.312416323322
-0.126747136247
-0.168633358183
-0.291037819214
0.123274308346
0.123274308346
0.123274308346
-0.126631126202
