status    0
success    True
njev    72
nfev    1730
fun    0.000645958288907
x    [ 0.30470417 -0.81865613  0.31970513  0.28321712 -0.00159796  0.05725117
  0.5013355   0.01135563  0.01135563 -0.18406942 -0.48460083 -0.08421342
 -0.23176073  0.11518881  0.11518881  0.11518881 -0.49722984  0.31669606
 -0.21835983  0.12310044  0.12310044  0.12310044]
message    Optimization terminated successfully.
jac    [  7.24015990e-07   1.05735671e-06   7.27144652e-07  -2.42763781e-06
   7.68101017e-07  -6.91652531e-07   1.31156412e-07  -1.58230250e-07
   0.00000000e+00   7.07732397e-08  -1.80822099e-07   3.84512532e-07
   2.86752766e-07   3.11412441e-06   0.00000000e+00   0.00000000e+00
  -6.52653398e-07  -7.83380528e-07   4.69561201e-07  -2.71272438e-06
   0.00000000e+00   0.00000000e+00]
nit    72

0.304704171215
-0.818656133853
0.319705132917
0.283217116507
-0.00159796346252
0.0572511711708
0.501335499323
0.011355628243
0.011355628243
-0.184069423628
-0.484600826675
-0.084213416692
-0.231760728857
0.115188809535
0.115188809535
0.115188809535
-0.497229840063
0.316696057752
-0.21835983416
0.123100444471
0.123100444471
0.123100444471
