status    0
success    True
njev    67
nfev    1676
fun    0.00108974335917
x    [ 0.74532778  0.74532778 -1.87045206  0.74532778 -0.16975505  0.38157936
 -1.0264919   0.98879726  0.43022587  0.43022587  0.15507247 -0.55518514
 -0.111814   -0.05738745  0.08810627  0.08810627  0.08810627 -0.8296947
  0.37375464  0.14552256  0.07176671  0.07176671  0.07176671]
message    Optimization terminated successfully.
jac    [  2.34533218e-07   0.00000000e+00   1.11346890e-06   0.00000000e+00
  -8.93778633e-08  -3.42755811e-07   1.35943992e-07  -1.62413926e-07
  -5.56916348e-07   0.00000000e+00  -2.71567842e-07  -4.27971827e-08
  -1.27346721e-06   4.15348040e-06  -2.00983777e-06   0.00000000e+00
   0.00000000e+00  -8.56816769e-07  -5.57673047e-07   1.27489329e-06
  -6.64222171e-07   0.00000000e+00   0.00000000e+00]
nit    67

0.745327777956
0.745327777956
-1.87045205832
0.745327777956
-0.169755054865
0.381579355557
-1.0264918994
0.988797262752
0.430225868878
0.430225868878
0.155072465445
-0.555185142795
-0.111814003295
-0.057387454506
0.0881062726499
0.0881062726499
0.0881062726499
-0.829694696643
0.373754636098
0.145522558849
0.0717667138491
0.0717667138491
0.0717667138491
