status    9
success    False
njev    101
nfev    2725
fun    0.000890136140042
x    [ 0.58293636 -0.48122214 -0.52031701  0.15316052  0.15316052  0.15316052
 -0.49882723  0.31795861  0.29414417  0.10196663 -0.84378026  0.23688793
  0.32271678  0.32271678  0.0982929  -0.35191626 -0.14369775 -0.34193096
  0.14824998  0.14824998  0.14824998 -0.39050305  0.38780928]
message    Iteration limit exceeded
jac    [ 21.07613413  21.07497793  21.07526564  21.07494778  21.0751574
  21.0751574   21.07380462  21.07516735  21.07451634  21.07414001
  21.07486263  21.07500901  21.07462075  21.0751574   21.07522463
  21.07456681  21.07488608  21.07503139  21.07485894  21.0751574
  21.0751574   21.07478599  21.0748496 ]
nit    101

0.582936360213
-0.481222144686
-0.520317009128
0.153160516952
0.153160516952
0.153160516952
-0.498827226016
0.3179586132
0.294144172695
0.101966632661
-0.843780256529
0.236887925293
0.322716783097
0.322716783097
0.0982928969272
-0.351916259941
-0.143697745097
-0.341930961416
0.148249983086
0.148249983086
0.148249983086
-0.390503045627
0.387809280423
