status    0
success    True
njev    86
nfev    2495
fun    0.000558718062588
x    [ 0.42924749 -0.46640001 -0.27737736  0.10068673  0.10068673  0.10068673
 -0.49780515  0.22463286  0.46930992 -0.04467764  0.03378784  0.47552275
  0.01333913  0.01333913 -0.14816584 -0.4807678  -0.0765863  -0.33566545
  0.14157381  0.14157381  0.14157381 -0.53825003  0.29860554 -0.08322424
  0.08811784  0.08811784  0.08811784]
message    Optimization terminated successfully.
jac    [ -2.92682671e-07  -1.35958544e-07   5.32803824e-07  -3.24907887e-07
   0.00000000e+00   0.00000000e+00   1.24622602e-07  -1.46974344e-08
  -7.15706847e-07   1.71676220e-07   4.79114533e-07   7.43239070e-08
  -1.36591552e-07   0.00000000e+00  -8.54124664e-08  -9.63336788e-09
  -3.88776243e-07   1.25402585e-06  -5.36987500e-07   0.00000000e+00
   0.00000000e+00  -7.41929398e-08  -3.45971785e-08   4.32861270e-07
  -1.47658284e-07   0.00000000e+00   0.00000000e+00]
nit    86

0.42924748807
-0.466400005413
-0.277377363506
0.100686727402
0.100686727402
0.100686727402
-0.497805152901
0.224632860933
0.469309921488
-0.0446776402556
0.0337878353858
0.475522753227
0.0133391335785
0.0133391335785
-0.148165844392
-0.480767803196
-0.0765863001407
-0.335665445323
0.141573814702
0.141573814702
0.141573814702
-0.538250032016
0.298605538812
-0.0832242357202
0.0881178438261
0.0881178438261
0.0881178438261
