status    0
success    True
njev    79
nfev    2371
fun    0.000515444325633
x    [ 0.75877971 -0.54886288 -0.45722562  0.12845014  0.12845014  0.12845014
 -0.65462033  0.32043163 -0.10180653  0.09692673  0.30730126  0.80190045
 -0.0659746  -0.0659746  -0.05847298 -0.55472018  0.02137765  0.02137765
  0.54457078 -0.45089053 -0.50529982  0.34387342 -0.70383693  0.35323409
 -0.04480843  0.08578988  0.08578988  0.08578988]
message    Optimization terminated successfully.
jac    [ -6.75558113e-07  -5.09025995e-08   5.97130565e-07  -3.79441190e-07
   0.00000000e+00   0.00000000e+00   2.87203875e-07  -2.02417141e-07
  -1.71783904e-06  -1.45664671e-08   5.75145532e-06  -1.53027941e-07
  -1.71482679e-06   0.00000000e+00  -1.92759762e-06  -1.25248334e-07
   3.84170562e-09   0.00000000e+00   5.99298801e-07  -2.73830665e-07
  -4.42865712e-07  -2.33776518e-08  -1.62552169e-07  -4.66970960e-07
   2.06137338e-06  -8.15860403e-07   0.00000000e+00   0.00000000e+00]
nit    79

0.758779713378
-0.548862879517
-0.457225621368
0.128450136188
0.128450136188
0.128450136188
-0.654620327339
0.32043163122
-0.101806526674
0.0969267309854
0.307301256862
0.801900451577
-0.0659746039952
-0.0659746039952
-0.0584729762819
-0.554720183059
0.0213776547918
0.0213776547918
0.544570776517
-0.450890533232
-0.505299821033
0.343873418864
-0.703836934692
0.353234093087
-0.0448084268402
0.0857898824626
0.0857898824626
0.0857898824626
