status    0
success    True
njev    81
nfev    2025
fun    0.000567062873728
x    [ 0.75902082 -0.55907102 -0.87197861  0.2240096   0.2240096   0.2240096
 -0.82641021  0.30821332  0.82672935 -0.23938929  0.10322569  0.67397384
 -0.11324351 -0.11324351  0.25869812 -0.7654323  -0.07859276 -0.07859276
  0.55707916 -0.56568838 -0.59229296  0.41039849 -0.7654323 ]
message    Optimization terminated successfully.
jac    [ -9.69223038e-07  -3.47405148e-07   2.46518175e-06  -1.14151771e-06
   2.18278728e-11   2.18278728e-11  -4.23919118e-07   3.25453584e-08
   1.51177665e-06  -4.37394192e-07   9.22038453e-07  -4.13630914e-07
  -7.44403224e-08   2.18278728e-11  -2.78299558e-06   8.66857590e-08
   7.80892151e-07   2.18278728e-11   8.44738679e-07  -5.67597453e-08
   5.86878741e-08   1.61599019e-08   2.18278728e-11]
nit    81

0.75902082098
-0.559071023364
-0.871978609696
0.224009604027
0.224009604027
0.224009604027
-0.826410208859
0.30821331849
0.826729354552
-0.2393892882
0.103225687364
0.673973836934
-0.113243507109
-0.113243507109
0.258698118772
-0.765432295685
-0.0785927603991
-0.0785927603991
0.557079159897
-0.565688382216
-0.592292957415
0.410398487067
-0.765432295685
