status    0
success    True
njev    90
nfev    2341
fun    0.000816345716685
x    [ 0.71981077  0.71981077 -1.68263044  0.64086196 -0.33617387  0.37209745
 -0.39166975  0.82282314  0.24940089  0.24940089 -0.33129394 -0.46326364
  0.1786983   0.1786983   0.67872101 -0.47918747 -0.56547449  0.4393701
 -0.67199129  0.34159785  0.19851566  0.04395926  0.04395926  0.04395926]
message    Optimization terminated successfully.
jac    [ -5.40821929e-08   0.00000000e+00   2.02191586e-07  -5.45624061e-08
  -1.26281520e-07   2.06637196e-09   5.33269485e-07   5.70435077e-09
  -1.20569894e-07   0.00000000e+00  -6.08386472e-07  -1.06228981e-09
   1.43554644e-07   0.00000000e+00   1.50095730e-07  -1.44136720e-08
   1.19835022e-08  -1.88083504e-08  -1.83048542e-07  -8.15707608e-08
   4.94590495e-07  -2.25620170e-07   0.00000000e+00   0.00000000e+00]
nit    90

0.719810774979
0.719810774979
-1.68263044412
0.640861958951
-0.336173874098
0.372097449805
-0.391669748042
0.822823139383
0.249400890058
0.249400890058
-0.331293940944
-0.46326363905
0.178698303126
0.178698303126
0.678721013047
-0.479187468686
-0.565474485688
0.439370103115
-0.671991294345
0.341597849084
0.198515664888
0.0439592601243
0.0439592601243
0.0439592601243
