status    0
success    True
njev    80
nfev    2001
fun    0.000575757190856
x    [ 0.28315897 -0.78008647  0.32144934  0.07857795  0.03284409  0.33606565
  0.45768806 -0.083069   -0.083069    0.01379369 -0.48053237  0.00511499
  0.00511499  0.5585474  -0.51649462 -0.5662881   0.41718444 -0.39407726
  0.26784428 -0.22605503  0.11742934  0.11742934  0.11742934]
message    Optimization terminated successfully.
jac    [  1.30923581e-07   1.07934466e-06   7.97299435e-08  -5.67737879e-06
   1.84864621e-06  -1.63875666e-06   1.42050703e-06   5.31203113e-07
  -7.27595761e-12   4.87374928e-06  -1.00262696e-07  -1.29086402e-06
  -7.27595761e-12  -1.25564839e-06   8.14470695e-08  -5.48534445e-08
   3.16140358e-08   2.13323801e-07   7.42293196e-08  -4.65202902e-07
   1.83812517e-07  -7.27595761e-12  -7.27595761e-12]
nit    80

0.283158966794
-0.780086474525
0.321449344227
0.0785779495017
0.0328440871943
0.336065645325
0.457688055192
-0.0830690020555
-0.0830690020555
0.0137936938764
-0.480532365189
0.00511499338272
0.00511499338272
0.558547397694
-0.516494622856
-0.566288098956
0.417184439067
-0.394077262277
0.267844278709
-0.226055025058
0.117429336209
0.117429336209
0.117429336209
