status    0
success    True
njev    83
nfev    2159
fun    0.000391292038022
x    [ 0.42957726 -0.45166529 -0.26177049  0.09461951  0.09461951  0.09461951
 -0.43664122  0.24616565  0.24015044  0.02853598  0.02545284  0.53808793
  0.00443624  0.00443624  0.02955936 -0.49377673  0.01889501  0.01889501
  0.58207143 -0.5169159  -0.57530644  0.42418866 -0.56067191  0.42243744]
message    Optimization terminated successfully.
jac    [  7.53425411e-09   1.46028469e-08  -2.42471287e-08   1.21581252e-08
   0.00000000e+00   0.00000000e+00  -5.49698598e-08   2.11148290e-08
   3.50828486e-07  -4.49945219e-08  -5.40821929e-07  -8.44083843e-08
   1.45471859e-07   0.00000000e+00   2.92598997e-07   3.33347998e-08
  -5.03860065e-08   0.00000000e+00  -7.58882379e-09  -1.16779120e-08
  -1.82735675e-08   2.07910489e-08   1.79061317e-08   2.54076440e-08]
nit    83

0.429577258832
-0.451665285848
-0.261770494331
0.0946195071155
0.0946195071155
0.0946195071155
-0.436641218801
0.246165646474
0.240150436429
0.0285359774246
0.025452844868
0.538087927107
0.00443623799996
0.00443623799996
0.0295593622
-0.493776734949
0.018895007362
0.018895007362
0.58207142505
-0.516915903504
-0.575306438537
0.424188657827
-0.560671908363
0.422437436049
