status    0
success    True
njev    96
nfev    2882
fun    0.000550268355894
x    [ 0.39169139 -0.45968044 -0.05639142  0.04146016  0.04146016  0.04146016
 -0.4324938   0.24087195  0.05492793  0.05071388  0.10552472  0.77142203
 -0.02368835 -0.02368835  0.01570168 -0.55607719  0.00949578  0.00949578
  0.52881673 -0.44979707 -0.49651707  0.33864998 -0.70457788  0.35208538
 -0.07776083  0.09563157  0.09563157  0.09563157]
message    Optimization terminated successfully.
jac    [ -3.33639036e-07  -1.29708496e-07   8.72860255e-07  -4.02906153e-07
   0.00000000e+00   0.00000000e+00   1.10747351e-07   4.50381776e-09
  -6.74437615e-07   1.67361577e-07   6.62235834e-07   2.30764272e-07
  -1.26747182e-07   0.00000000e+00  -6.39207428e-07  -3.38623067e-08
   1.41451892e-07   0.00000000e+00   1.95213943e-07  -3.02825356e-08
  -6.50034053e-08   2.39815563e-08  -1.85842509e-07   3.48736648e-08
   4.12976078e-07  -1.07305823e-07   0.00000000e+00   0.00000000e+00
   0.00000000e+00]
nit    96

0.391691386719
-0.45968043952
-0.0563914154988
0.0414601561002
0.0414601561002
0.0414601561002
-0.432493801336
0.240871948618
0.054927931269
0.0507138783946
0.105524720978
0.771422031307
-0.0236883487098
-0.0236883487098
0.0157016780049
-0.556077186716
0.00949577510816
0.00949577510816
0.52881672842
-0.449797069029
-0.496517074155
0.338649980555
-0.70457788416
0.352085382913
-0.0777608333058
0.0956315718151
0.0956315718151
0.0956315718151
