status    0
success    True
njev    72
nfev    2236
fun    0.000602416847034
x    [ 0.81111572 -0.56106944 -0.5942208   0.16046713  0.16046713  0.16046713
 -0.69613333  0.31580034  0.10274792  0.04008005  0.17220537  0.74185158
 -0.00689308 -0.00689308 -0.49442933 -0.54539299  0.13611939  0.13611939
  0.84773001 -0.55100232 -1.06009579  0.43409292  0.43409292 -0.6744016
  0.35679732 -0.16641137  0.11559627  0.11559627  0.11559627]
message    Optimization terminated successfully.
jac    [ -3.08573362e-07  -7.42002157e-08   4.50098014e-07  -2.55415216e-07
   0.00000000e+00   0.00000000e+00  -1.55443558e-07  -3.88208719e-07
   4.91301762e-07  -7.21898687e-07   4.02754813e-06  -7.26351573e-07
  -1.66232348e-06   0.00000000e+00   1.64681842e-06  -1.13301212e-07
  -1.05643994e-06   0.00000000e+00  -6.86923158e-07  -1.44675141e-07
  -4.22369340e-07  -3.10028554e-08   0.00000000e+00   7.77217792e-08
  -2.50816811e-07   7.83176802e-07  -3.30306648e-07   0.00000000e+00
   0.00000000e+00]
nit    72

0.811115717079
-0.561069444364
-0.594220801819
0.160467126686
0.160467126686
0.160467126686
-0.696133327681
0.315800343819
0.102747923829
0.0400800518091
0.172205367248
0.741851581128
-0.00689307710137
-0.00689307710137
-0.494429325242
-0.545392987895
0.136119388954
0.136119388954
0.847730008477
-0.551002315883
-1.06009578525
0.434092920969
0.434092920969
-0.67440160256
0.35679731517
-0.166411372645
0.115596269694
0.115596269694
0.115596269694
