status    0
success    True
njev    84
nfev    2185
fun    0.000751618726846
x    [ 0.78805262 -0.55635257 -1.01941695  0.2625723   0.2625723   0.2625723
 -0.8293705   0.29921805  0.90806361 -0.27635073  0.10101426  0.64461598
 -0.10660281 -0.10660281  0.04707724 -0.75925802 -0.0411525  -0.0411525
  0.69338443 -0.56341262 -1.03409957  0.41194324  0.41194324 -0.75925802]
message    Optimization terminated successfully.
jac    [ -6.53992174e-07  -2.51020538e-07   1.66641985e-06  -7.56088411e-07
   0.00000000e+00   0.00000000e+00  -2.45643605e-07   4.63551260e-08
   1.16669980e-06  -2.67013093e-07  -4.02142177e-08  -3.06230504e-07
   1.04853825e-07   0.00000000e+00  -1.52982102e-06   9.10367817e-08
   5.00287570e-07   0.00000000e+00   5.58655302e-07  -2.36323103e-08
  -6.35991455e-08   6.82848622e-08   0.00000000e+00   0.00000000e+00]
nit    84

0.788052617628
-0.55635257238
-1.01941695035
0.2625723017
0.2625723017
0.2625723017
-0.8293704955
0.299218045646
0.908063611813
-0.276350726789
0.101014257691
0.644615978243
-0.106602809623
-0.106602809623
0.047077242845
-0.759258015299
-0.0411524957983
-0.0411524957983
0.693384432614
-0.563412615114
-1.03409957227
0.411943241132
0.411943241132
-0.759258015299
