status    0
success    True
njev    84
nfev    2184
fun    0.000665079096627
x    [ 0.28575992 -0.78930221  0.31307364  0.15963628  0.01097283  0.32143755
  0.43691627 -0.06189132 -0.06189132 -0.39721024 -0.47671563  0.09945158
  0.09945158  0.76927128 -0.53660208 -1.0127532   0.42019753  0.42019753
 -0.39574543  0.26001613 -0.1413728   0.09236737  0.09236737  0.09236737]
message    Optimization terminated successfully.
jac    [  8.45684553e-08   5.20005415e-07   7.18864612e-08  -2.39216024e-06
   8.28040356e-07  -3.44378350e-07   6.74626790e-07   2.91336619e-07
   0.00000000e+00   2.95549398e-07  -1.11249392e-08  -2.35741027e-09
   0.00000000e+00   8.90941010e-08  -8.41828296e-09  -8.04575393e-08
   5.11645339e-08   0.00000000e+00   2.37007043e-07   8.51578079e-08
  -5.41716872e-07   2.24863470e-07   0.00000000e+00   0.00000000e+00]
nit    84

0.285759924998
-0.789302210522
0.313073637114
0.159636277801
0.0109728342321
0.321437554286
0.436916270214
-0.0618913160971
-0.0618913160971
-0.397210243645
-0.476715630923
0.0994515785146
0.0994515785146
0.769271278063
-0.536602077389
-1.01275320244
0.42019753169
0.42019753169
-0.395745433128
0.26001612612
-0.141372798459
0.0923673684889
0.0923673684889
0.0923673684889
