status    0
success    True
njev    96
nfev    2593
fun    0.00104474580519
x    [ 0.80784197  0.80784197 -1.99483111  0.73197015 -0.3546589   0.40715015
 -0.35942347  0.84035423  0.27765281  0.27765281 -0.8682893  -0.46605768
  0.3132985   0.3132985   0.89221553 -0.509083   -0.97508137  0.42907411
  0.42907411 -0.65680222  0.33566892  0.18662659  0.04483557  0.04483557
  0.04483557]
message    Optimization terminated successfully.
jac    [ -1.24127837e-08   0.00000000e+00   1.53930159e-07  -2.67464202e-08
  -4.57221176e-08   1.08993845e-08   7.35890353e-08   1.33877620e-09
  -1.58033799e-08   0.00000000e+00  -1.33630238e-07   6.54836185e-10
   3.71073838e-08   0.00000000e+00   1.25583028e-08  -2.88127922e-09
   1.80589268e-08  -1.89174898e-08   0.00000000e+00  -9.84873623e-08
  -3.62051651e-08   2.59620720e-07  -1.21537596e-07   0.00000000e+00
   0.00000000e+00]
nit    96

0.80784196502
0.80784196502
-1.99483111301
0.731970151539
-0.354658900436
0.407150152199
-0.359423474798
0.840354234231
0.277652812674
0.277652812674
-0.868289297871
-0.46605767769
0.313298501606
0.313298501606
0.892215529092
-0.509083000579
-0.975081373662
0.429074106193
0.429074106193
-0.656802216614
0.33566892106
0.18662658925
0.0448355687681
0.0448355687681
0.0448355687681
