status    0
success    True
njev    80
nfev    2160
fun    0.00054275883849
x    [  4.48490790e-01  -4.49181114e-01  -3.50341698e-01   1.17010674e-01
   1.17010674e-01   1.17010674e-01  -4.50797396e-01   2.43723971e-01
   3.17297921e-01   2.59543395e-04   6.32915841e-02   5.24182792e-01
   1.56808994e-02   1.56808994e-02  -4.60705544e-01  -4.94600023e-01
   1.31842777e-01   1.31842777e-01   8.28411189e-01  -5.44099016e-01
  -1.04415494e+00   4.30700571e-01   4.30700571e-01  -5.58553380e-01
   4.19294810e-01]
message    Optimization terminated successfully.
jac    [  7.78207323e-07   3.28858732e-07  -2.08309211e-06   9.83163773e-07
  -7.27595761e-12  -7.27595761e-12  -1.04676292e-06  -1.99324859e-07
   3.50524351e-06  -1.45263039e-06   1.74275192e-06  -9.40672180e-07
  -1.17687159e-06  -7.27595761e-12   2.76918581e-06  -1.48334948e-07
  -1.24172220e-06  -7.27595761e-12   4.13820089e-07  -4.63020115e-07
  -1.83071825e-06   4.06624167e-07  -7.27595761e-12  -3.08471499e-07
   5.84186637e-08]
nit    80

0.448490790109
-0.449181113837
-0.350341698408
0.117010674045
0.117010674045
0.117010674045
-0.450797396472
0.24372397107
0.317297921286
0.000259543395068
0.063291584117
0.524182791887
0.0156808993561
0.0156808993561
-0.460705543859
-0.49460002332
0.131842777159
0.131842777159
0.828411188542
-0.544099016127
-1.04415494493
0.430700570734
0.430700570734
-0.558553380207
0.419294810121
