status    0
success    True
njev    78
nfev    2419
fun    0.000624359102607
x    [ 0.45397141 -0.47540383 -0.2059103   0.0757809   0.0757809   0.0757809
 -0.45727874  0.2311125   0.19933665  0.00184972  0.04317569  0.76622191
  0.02274933  0.02274933 -0.51523781 -0.55989241  0.14848353  0.14848353
  0.85282016 -0.54948481 -1.0545764   0.43225988  0.43225988 -0.72131787
  0.37263314 -0.19820561  0.12728613  0.12728613  0.12728613]
message    Optimization terminated successfully.
jac    [ -1.58252078e-07  -1.27904059e-07   5.72697900e-07  -2.80742825e-07
   0.00000000e+00   0.00000000e+00   4.00665158e-07   2.60261004e-08
  -1.19936158e-06   5.13195118e-07  -1.28425745e-06   7.06524588e-07
   6.64695108e-07   0.00000000e+00  -1.61753997e-06  -6.03176886e-08
   7.44330464e-07   0.00000000e+00  -1.42781937e-06   5.94831363e-07
   2.38760549e-06  -6.60278602e-07   0.00000000e+00  -5.38915629e-07
   1.60514901e-07   9.44608473e-07  -2.22178642e-07   0.00000000e+00
   0.00000000e+00]
nit    78

0.453971413379
-0.475403825508
-0.205910299859
0.0757809039958
0.0757809039958
0.0757809039958
-0.457278742273
0.231112504978
0.199336648017
0.00184971931936
0.0431756933782
0.766221908758
0.0227493302211
0.0227493302211
-0.515237807054
-0.559892407403
0.148483529307
0.148483529307
0.852820164691
-0.54948481466
-1.05457639999
0.432259884056
0.432259884056
-0.72131787499
0.37263314438
-0.198205613846
0.127286129842
0.127286129842
0.127286129842
