status    0
success    True
njev    95
nfev    2757
fun    0.00109136843094
x    [ 0.99112799 -0.61837709 -0.97916585  0.24580148  0.24580148  0.24580148
 -0.87265718  0.39260721  0.20510292  0.01516562  0.08606785  0.66330725
 -0.08318341 -0.08318341  0.60391161 -0.5550405  -0.24775644 -0.24775644
  0.67540117 -0.77599312 -0.77599312 -0.5472592   0.32865878 -0.35898106
  0.148864    0.148864    0.148864  ]
message    Optimization terminated successfully.
jac    [ -1.54715963e-07  -5.86442184e-08   5.36645530e-07  -2.12618033e-07
   2.91038305e-11   2.91038305e-11   1.27925887e-07   2.86672730e-08
  -5.64017682e-07   2.28465069e-07  -4.89148078e-07   1.52533175e-07
   1.62079232e-07   2.91038305e-11   6.06160029e-07   1.61962816e-08
  -1.33804861e-07   2.91038305e-11  -1.30763510e-07   1.89756975e-08
   2.91038305e-11  -1.61773642e-07  -2.98750820e-08   2.69326847e-07
  -1.35871232e-07   2.91038305e-11   2.91038305e-11]
nit    95

0.99112799442
-0.618377094437
-0.979165852588
0.245801478311
0.245801478311
0.245801478311
-0.872657176999
0.392607207718
0.205102919568
0.0151656240882
0.0860678494635
0.663307246227
-0.0831834126863
-0.0831834126863
0.60391160969
-0.555040496077
-0.2477564424
-0.2477564424
0.675401168262
-0.775993120884
-0.775993120884
-0.547259195899
0.328658781921
-0.358981057246
0.148863996299
0.148863996299
0.148863996299
