status    0
success    True
njev    99
nfev    2872
fun    0.00109080056841
x    [ 1.09720862 -0.63952652 -1.08678949  0.26969141  0.26969141  0.26969141
 -0.99117467  0.42978799  0.31790244  0.00269995  0.13107218  0.37008828
 -0.09908741 -0.09908741  0.61604096 -0.46766929 -0.25562181 -0.25562181
  0.67455925 -0.77692774 -0.77692774 -0.3113802   0.24718736 -0.28174772
  0.11531352  0.11531352  0.11531352]
message    Optimization terminated successfully.
jac    [ -2.39480869e-07   7.95989763e-09   6.95683411e-07  -2.01660441e-07
   0.00000000e+00   0.00000000e+00   1.91663275e-07  -2.16386979e-08
  -5.37285814e-07   2.02679075e-07  -7.51300831e-07   1.08499080e-07
   1.96116162e-07   0.00000000e+00   8.19272827e-07   1.70257408e-09
  -2.09372956e-07   0.00000000e+00  -2.04905518e-07   3.60887498e-09
   0.00000000e+00  -2.47237040e-08   2.60333763e-08  -4.11819201e-09
   5.47152013e-09   0.00000000e+00   0.00000000e+00]
nit    99

1.09720862381
-0.639526516213
-1.08678949305
0.269691406855
0.269691406855
0.269691406855
-0.991174672454
0.429787993476
0.317902444931
0.00269994645429
0.131072178278
0.370088279486
-0.0990874092628
-0.0990874092628
0.616040963775
-0.467669290249
-0.255621814631
-0.255621814631
0.674559249574
-0.776927740296
-0.776927740296
-0.311380198076
0.247187361354
-0.281747715914
0.115313517546
0.115313517546
0.115313517546
