status    0
success    True
njev    75
nfev    1800
fun    0.000976830867825
x    [ 0.97645467 -0.65347935 -1.07681184  0.25127884  0.25127884  0.25127884
 -1.04664744  0.37323617  1.11422908 -0.38132337  0.64261373  0.59606112
 -0.35787734 -0.35787734  0.77270713 -0.80953865 -0.35516792 -0.35516792
  0.62052161 -0.82311512 -0.82311512 -0.80953865]
message    Optimization terminated successfully.
jac    [ -2.08732672e-07  -7.54807843e-08   5.09011443e-07  -2.20694346e-07
   0.00000000e+00   0.00000000e+00  -2.63375114e-07   2.44472176e-09
   1.07269443e-06  -3.53873475e-07   3.89714842e-07  -2.98605300e-07
  -2.79687811e-08   0.00000000e+00  -1.58092007e-06  -9.29867383e-09
   4.84520569e-07   0.00000000e+00   5.44328941e-07   7.62229320e-08
   0.00000000e+00   0.00000000e+00]
nit    75

0.976454667958
-0.653479346738
-1.07681183662
0.251278838465
0.251278838465
0.251278838465
-1.04664744124
0.37323617092
1.11422907856
-0.381323373753
0.642613733925
0.596061123334
-0.357877335404
-0.357877335404
0.772707134064
-0.809538646103
-0.355167923309
-0.355167923309
0.620521614857
-0.823115115519
-0.823115115519
-0.809538646103
