status    0
success    True
njev    72
nfev    1728
fun    0.00100592888038
x    [ 0.31497242 -0.89652253  0.31497242  0.19087032 -0.02104777  0.50101869
  0.31428955 -0.20884728 -0.20884728  0.62655586 -0.45178969 -0.28358521
 -0.28358521  0.65171533 -0.78008481 -0.78008481 -0.37522303  0.24057995
  0.06347103  0.02372402  0.02372402  0.02372402]
message    Optimization terminated successfully.
jac    [  4.10874782e-06   1.87175465e-06   0.00000000e+00   6.42859959e-07
   4.33501555e-07  -6.64964318e-07   1.93661253e-06  -2.34300387e-07
   0.00000000e+00  -7.89485057e-07   2.51368328e-06  -3.59315891e-06
   0.00000000e+00  -2.10849976e-06  -4.07989137e-06   0.00000000e+00
   4.01239959e-07  -7.46382284e-07  -1.81555515e-06   2.16421904e-06
   0.00000000e+00   0.00000000e+00]
nit    72

0.314972421303
-0.89652252995
0.314972421303
0.190870315907
-0.0210477670989
0.501018693916
0.314289550681
-0.20884728004
-0.20884728004
0.626555855225
-0.451789693371
-0.283585210616
-0.283585210616
0.651715334214
-0.780084810409
-0.780084810409
-0.375223032208
0.240579946252
0.063471026279
0.0237240198924
0.0237240198924
0.0237240198924
