status    0
success    True
njev    86
nfev    2150
fun    0.00204579351268
x    [ 0.87756726  0.87756726 -2.33858674  0.87756726 -0.45567309  0.49005865
 -0.57206272  0.73847652  0.28693859  0.28693859 -0.14105039 -0.4479707
  0.06764764  0.06764764  0.79439767 -0.70473173 -0.70473173 -0.72052736
  0.31316821  0.78296795 -0.12520293 -0.12520293 -0.12520293]
message    Optimization terminated successfully.
jac    [ -1.23400241e-08   0.00000000e+00  -5.47850505e-07   0.00000000e+00
   1.26255327e-06  -5.12431143e-07  -2.59489752e-07  -4.09228960e-07
  -2.54163751e-07   0.00000000e+00   2.31890590e-06  -6.30388968e-08
  -8.05332093e-07   0.00000000e+00  -6.96774805e-07   1.22236088e-09
   0.00000000e+00   1.69384293e-07   3.41096893e-08  -3.93396476e-07
   1.91590516e-07   0.00000000e+00   0.00000000e+00]
nit    86

0.877567263952
0.877567263952
-2.33858673901
0.877567263952
-0.455673090198
0.490058646688
-0.572062715924
0.738476521174
0.286938591266
0.286938591266
-0.141050393869
-0.447970699981
0.0676476435792
0.0676476435792
0.794397674783
-0.704731732604
-0.704731732604
-0.720527362133
0.313168212656
0.782967948821
-0.125202933115
-0.125202933115
-0.125202933115
