status    0
success    True
njev    87
nfev    2175
fun    0.00102501770553
x    [ 0.66444804 -0.52159824 -0.78075544  0.21263521  0.21263521  0.21263521
 -0.696914    0.30572797  0.67149262 -0.12414825  0.22788951  0.39046275
 -0.14271333 -0.14271333  0.46168637 -0.50910438 -0.21714482 -0.21714482
  0.69062481 -0.77382003 -0.77382003 -0.56707582  0.41671478]
message    Optimization terminated successfully.
jac    [ -1.10405381e-07  -4.74683475e-08   2.67697033e-07  -1.06141670e-07
  -2.91038305e-11  -2.91038305e-11  -3.53029463e-08   1.83936208e-08
   1.19063770e-07  -2.98896339e-08  -1.82641088e-07  -1.25583028e-08
   6.53817551e-08  -2.91038305e-11   6.60947990e-08   1.33150024e-08
  -3.52592906e-08  -2.91038305e-11   6.75208867e-09   2.40397640e-08
  -2.91038305e-11  -4.48198989e-09   2.14786269e-08   0.00000000e+00]
nit    87

0.664448040781
-0.52159823853
-0.780755444209
0.212635213986
0.212635213986
0.212635213986
-0.696914004666
0.305727966677
0.671492616342
-0.124148252289
0.227889514104
0.390462751473
-0.142713325975
-0.142713325975
0.461686373615
-0.509104383436
-0.217144815659
-0.217144815659
0.690624805667
-0.773820031413
-0.773820031413
-0.567075822602
0.416714781207
