status    0
success    True
njev    54
nfev    1135
fun    0.000458266661225
x    [ 0.84475127 -0.56732504 -0.68998532  0.18312621  0.18312621  0.18312621
 -0.66064245  0.33249431 -0.03882282  0.79015423  0.06867862  0.06867862
 -0.56054051 -0.69974769  0.3915847  -0.28036491  0.15056946  0.15056946
  0.15056946]
message    Optimization terminated successfully.
jac    [  4.32013621e-07  -4.26807674e-08  -1.65212987e-06  -2.08681740e-07
   3.63797881e-12   3.63797881e-12   1.84332748e-07   1.08819222e-07
  -1.55509406e-06   7.84490112e-07   4.12739610e-07   3.63797881e-12
   7.89223122e-08   5.91302523e-07   4.19538992e-07  -5.31417754e-07
   1.15083458e-06   3.63797881e-12   3.63797881e-12]
nit    54

0.84475126901
-0.567325043057
-0.68998532481
0.183126205678
0.183126205678
0.183126205678
-0.660642445143
0.332494309257
-0.0388228246226
0.790154227831
0.0686786194387
0.0686786194387
-0.5605405062
-0.69974768594
0.39158469823
-0.280364912598
0.15056946071
0.15056946071
0.15056946071
