status    0
success    True
njev    56
nfev    1177
fun    0.000495176508452
x    [ 0.81953383 -0.55528126 -0.66806099  0.17971971  0.17971971  0.17971971
 -0.68313471  0.33517554  0.11666407  0.47954237  0.04434229  0.04434229
 -0.47228257 -0.42437216  0.30268153 -0.30519717  0.14229593  0.14229593
  0.14229593]
message    Optimization terminated successfully.
jac    [ -1.11221743e-06  -4.54601832e-08   2.07121775e-06  -1.26935629e-06
   0.00000000e+00   0.00000000e+00  -1.40134944e-08  -1.12071575e-07
   3.88245098e-07  -4.19167918e-08   2.15404725e-07   0.00000000e+00
  -9.42236511e-09   3.47012246e-07   1.92958396e-08  -8.57071427e-07
   4.98766894e-07   0.00000000e+00   0.00000000e+00]
nit    56

0.819533833195
-0.555281260456
-0.668060992731
0.179719713564
0.179719713564
0.179719713564
-0.683134711621
0.335175538918
0.116664074337
0.479542374098
0.044342288217
0.044342288217
-0.472282572866
-0.424372164702
0.302681534148
-0.305197171589
0.142295934048
0.142295934048
0.142295934048
