status    0
success    True
njev    55
nfev    880
fun    0.000696509815539
x    [ 0.86716577 -0.57603668 -1.18935057  0.29940716  0.29940716  0.29940716
 -0.65859395  0.29831276  0.29180941  0.75595294 -0.08011733 -0.08011733
 -0.76362325 -0.76362325]
message    Optimization terminated successfully.
jac    [  1.46101229e-08   3.68163455e-09  -3.86135071e-08   2.73430487e-08
   0.00000000e+00   0.00000000e+00  -2.54003680e-08  -2.30429578e-08
  -2.74230842e-08   2.85363058e-08   2.77650543e-08   0.00000000e+00
   3.43279680e-08   0.00000000e+00]
nit    55

0.86716577181
-0.576036675329
-1.18935057496
0.299407159494
0.299407159494
0.299407159494
-0.658593949979
0.298312758342
0.291809405325
0.755952937717
-0.0801173281088
-0.0801173281088
-0.763623247594
-0.763623247594
