status    0
success    True
njev    45
nfev    766
fun    0.000892047295206
x    [ 0.49995034  0.49995034 -1.09744839  0.49995034  0.41568337  0.62025737
  0.03130994  0.03130994 -0.50096324 -0.70170222  0.35784949  0.06302147
  0.09361042  0.09361042  0.09361042]
message    Optimization terminated successfully.
jac    [ -1.54977897e-08   0.00000000e+00   6.17292244e-08   0.00000000e+00
  -7.81437848e-08   1.94995664e-08   1.75350579e-08   0.00000000e+00
   1.24637154e-08  -8.46557668e-08  -4.67116479e-08   2.15295586e-07
  -7.84493750e-08   0.00000000e+00   0.00000000e+00]
nit    45

0.499950335273
0.499950335273
-1.09744838591
0.499950335273
0.415683374377
0.620257365773
0.031309939536
0.031309939536
-0.500963239134
-0.70170222469
0.357849492014
0.0630214742242
0.093610419484
0.093610419484
0.093610419484
