status    0
success    True
njev    56
nfev    897
fun    0.000615857109454
x    [ 0.29678028 -0.78219705  0.31780453  0.1267501   0.44158805  0.03317591
  0.03317591 -0.46707773 -0.42702721  0.30857391 -0.34444063  0.15429798
  0.15429798  0.15429798]
message    Optimization terminated successfully.
jac    [  9.33068804e-08   3.44298314e-08   7.48696038e-09   3.50482878e-08
  -9.49949026e-08   1.27416570e-07   0.00000000e+00  -1.85245881e-07
   7.43966666e-08   1.71712600e-07  -7.05549610e-08  -1.67630787e-07
   0.00000000e+00   0.00000000e+00]
nit    56

0.296780282358
-0.782197050648
0.317804526694
0.126750095516
0.441588052606
0.0331759096512
0.0331759096512
-0.46707772583
-0.427027207167
0.308573914898
-0.344440633719
0.154297975329
0.154297975329
0.154297975329
