status    0
success    True
njev    49
nfev    835
fun    0.000323145055641
x    [ 0.45613182 -0.45215333 -0.31805479  0.1046921   0.1046921   0.1046921
 -0.33903826  0.24534961 -0.07004756  0.62782307  0.09147857  0.09147857
 -0.5089286  -0.54898902  0.41087361]
message    Optimization terminated successfully.
jac    [  5.45405783e-08   1.13279384e-07  -3.88987246e-07   2.36446795e-07
   0.00000000e+00   0.00000000e+00  -9.98974429e-07  -4.61648597e-07
   2.52704194e-06  -7.46815203e-07  -1.13972783e-06   0.00000000e+00
  -2.84489943e-09   2.26340489e-07   6.39454811e-07]
nit    49

0.456131815523
-0.452153329494
-0.318054794583
0.104692102852
0.104692102852
0.104692102852
-0.339038258354
0.245349609399
-0.0700475599716
0.627823070937
0.0914785722552
0.0914785722552
-0.508928597563
-0.548989016475
0.410873607517
