status    0
success    True
njev    56
nfev    1177
fun    0.000501574326981
x    [ 0.47605919 -0.47622189 -0.26930581  0.08982284  0.08982284  0.08982284
 -0.39760231  0.24392476 -0.03504043  0.82696826  0.04712948  0.04712948
 -0.57303695 -0.74290326  0.40561428 -0.27840845  0.15207505  0.15207505
  0.15207505]
message    Optimization terminated successfully.
jac    [ -1.26183295e-06  -4.28655767e-07   3.16173828e-06  -1.46227831e-06
  -7.27595761e-12  -7.27595761e-12   3.53196810e-07  -1.51921995e-08
  -2.42509850e-06   5.40094334e-07   6.44249667e-07  -7.27595761e-12
  -1.07582309e-07  -6.12089934e-07   7.15081114e-08   2.14328611e-06
  -5.22770279e-07  -7.27595761e-12  -7.27595761e-12]
nit    56

0.476059186235
-0.476221890867
-0.269305813946
0.089822839526
0.089822839526
0.089822839526
-0.397602308253
0.24392475634
-0.0350404327821
0.82696825901
0.047129479484
0.047129479484
-0.573036946162
-0.742903260625
0.405614277103
-0.278408446957
0.152075047786
0.152075047786
0.152075047786
