status    0
success    True
njev    88
nfev    2730
fun    0.000553211491717
x    [ 0.76800047 -0.54673745 -0.55377037  0.15426493  0.15426493  0.15426493
 -0.71080111  0.31056873  0.31559569 -0.00098577 -0.23020468  0.6942799
  0.07637497  0.07637497  0.09775588 -0.53359667 -0.4383989   0.10838451
  0.34834948  0.24120924 -0.56600919  0.09809828  0.1130047  -0.69237875
  0.36553363 -0.14086945  0.11247571  0.11247571  0.11247571]
message    Optimization terminated successfully.
jac    [ -1.12337875e-06  -3.73693183e-08   1.44360092e-06  -6.38923666e-07
   0.00000000e+00   0.00000000e+00   2.93439371e-07  -1.93140295e-07
   2.87036528e-07  -2.11599399e-07   1.70116982e-06  -7.44061253e-07
  -6.11566065e-07   0.00000000e+00   3.04178684e-07   1.32677087e-07
  -3.28641181e-06   1.00440957e-06   1.11500412e-06   2.18661444e-06
  -9.14820703e-07  -4.77753929e-07  -5.35379513e-07  -1.48473191e-07
  -4.26982297e-07   1.83745578e-06  -8.03527655e-07   0.00000000e+00
   0.00000000e+00]
nit    88

0.768000474374
-0.546737451601
-0.553770370877
0.154264934108
0.154264934108
0.154264934108
-0.710801107866
0.310568727723
0.315595686759
-0.000985770559929
-0.23020468233
0.694279895564
0.0763749683561
0.0763749683561
0.0977558812475
-0.533596674604
-0.438398900561
0.108384511308
0.348349475785
0.241209239794
-0.566009192359
0.0980982760445
0.113004697344
-0.692378753884
0.365533627163
-0.140869450724
0.112475707742
0.112475707742
0.112475707742
