status    9
success    False
njev    101
nfev    3132
fun    0.000569596298904
x    [ 0.79006493 -0.54537705 -0.60851456  0.1681363   0.1681363   0.1681363
 -0.71597366  0.32030672  0.32915211  0.02172723 -0.27970376  0.42590912
  0.09132012  0.09132012  0.14099293 -0.44907439 -0.43075689  0.07513215
  0.34391912  0.22389326 -0.55454927  0.10841906  0.11738382 -0.45688415
  0.28067937 -0.04764121  0.07461533  0.07461533  0.07461533]
message    Iteration limit exceeded
jac    [  1.57505565e-06  -9.43189661e-07   2.33921310e-06  -4.01683792e-07
   0.00000000e+00   0.00000000e+00  -3.22215783e-07  -6.59980287e-07
  -3.10465111e-08  -4.05132596e-07   2.27370037e-06   2.22826202e-07
  -1.06222433e-06   0.00000000e+00  -2.16917397e-06  -2.57721695e-07
   9.24090273e-07  -2.91572360e-06  -9.92091373e-07   3.78508412e-06
  -3.85894964e-07   1.25853694e-06  -1.71176362e-06   1.46021193e-07
  -6.69526344e-07   7.06771971e-07  -1.78122718e-07   0.00000000e+00
   0.00000000e+00]
nit    101

0.790064932864
-0.545377053284
-0.608514562687
0.168136300063
0.168136300063
0.168136300063
-0.715973658608
0.320306715469
0.329152107919
0.0217272288464
-0.279703755885
0.425909118156
0.0913201221138
0.0913201221138
0.140992927461
-0.449074386551
-0.430756894559
0.0751321511001
0.343919117608
0.223893260265
-0.55454926933
0.108419060777
0.117383816023
-0.45688415342
0.280679369246
-0.0476412091557
0.0746153311099
0.0746153311099
0.0746153311099
