status    9
success    False
njev    101
nfev    2626
fun    0.00100302537305
x    [ 0.74452482 -0.54194213 -0.91657302  0.23799677  0.23799677  0.23799677
 -0.82383697  0.29265875  1.04789261 -0.30072366 -0.21173539  0.56525916
 -0.03784814 -0.03784814  0.3695837  -0.72395842 -0.76609006 -0.0067301
  0.45642005  0.35485051 -0.6223696   0.0988597   0.0695744  -0.72395842]
message    Iteration limit exceeded
jac    [ -7.04661943e-07  -9.97388270e-08   1.64059747e-06  -8.32500518e-07
  -1.45519152e-11  -1.45519152e-11  -4.46074409e-07  -1.18307071e-07
  -8.38030246e-07  -3.41358827e-07   5.51615085e-06  -1.00015313e-07
  -2.06964614e-06  -1.45519152e-11   1.61131902e-06  -7.05913408e-08
   1.52440043e-06  -3.84901068e-06  -8.04400770e-07  -4.32475645e-06
   2.29979923e-06   7.65270670e-07   1.28100510e-06  -1.45519152e-11]
nit    101

0.744524824213
-0.541942125852
-0.916573019098
0.237996773579
0.237996773579
0.237996773579
-0.823836965718
0.292658753519
1.04789261284
-0.300723659744
-0.211735387972
0.565259163433
-0.0378481403645
-0.0378481403645
0.369583702153
-0.723958421116
-0.766090057132
-0.0067301020318
0.456420048906
0.354850508284
-0.622369595148
0.0988597027518
0.0695743988263
-0.723958421116
