status    0
success    True
njev    98
nfev    2647
fun    0.000830160416773
x    [ 0.73354546  0.73354546 -1.7826107   0.68920813 -0.292311    0.37709281
 -0.5577835   0.83005713  0.2868281   0.2868281   0.18201262 -0.48634083
 -0.52466692  0.06472259  0.3917728   0.32694609 -0.49902158  0.12395548
  0.11621978 -0.61861316  0.31187765  0.09001452  0.07224033  0.07224033
  0.07224033]
message    Optimization terminated successfully.
jac    [  2.93293851e-08   0.00000000e+00  -4.66672645e-07  -1.56433089e-08
  -3.98315024e-07  -2.29840225e-07   4.06661275e-06  -5.68979885e-08
  -1.26429222e-06   0.00000000e+00  -5.56683517e-07  -1.05501385e-07
  -2.00546492e-06  -2.30262231e-07   4.95412678e-07   2.02787487e-06
  -5.77601895e-07   3.25235305e-09  -6.63843821e-07   1.41590135e-08
  -8.50486686e-08   1.74026354e-07  -9.89384716e-08   0.00000000e+00
   0.00000000e+00]
nit    98

0.733545460355
0.733545460355
-1.78261069676
0.689208126391
-0.292310996431
0.377092810265
-0.557783498758
0.830057127293
0.286828095174
0.286828095174
0.182012616132
-0.486340834068
-0.524666920759
0.0647225855415
0.391772795981
0.326946094227
-0.499021583027
0.123955479051
0.116219783861
-0.618613157578
0.311877646684
0.0900145205537
0.0722403301134
0.0722403301134
0.0722403301134
