status    0
success    True
njev    76
nfev    1976
fun    0.000623402199837
x    [ 0.31277344 -0.82559207  0.32396046  0.2470461   0.01609922 -0.15630736
  0.44464106  0.06278542  0.06278542  0.06369302 -0.46582708 -0.40262488
  0.10441607  0.33875416  0.21807629 -0.56157473  0.10093027  0.11596518
 -0.43601806  0.28054593 -0.12894142  0.09480452  0.09480452  0.09480452]
message    Optimization terminated successfully.
jac    [  1.84714736e-07   4.35626134e-07   1.08913810e-07  -1.20038749e-06
   8.23121809e-07  -4.43631870e-06   5.79828338e-07   1.55765883e-06
   0.00000000e+00   1.26379018e-06   1.91073923e-07   2.15606269e-06
  -9.36015567e-07  -5.59492037e-07  -2.03896343e-06   8.96536221e-07
   3.69233021e-07   6.61588274e-07  -1.59430783e-07   1.29366526e-08
   2.38585926e-07  -8.64747562e-08   0.00000000e+00   0.00000000e+00]
nit    76

0.312773435569
-0.825592070371
0.323960461228
0.247046102225
0.0160992228554
-0.156307359365
0.444641062264
0.0627854174946
0.0627854174946
0.0636930215134
-0.465827079765
-0.40262488008
0.104416069279
0.338754163096
0.218076292213
-0.561574727024
0.100930274054
0.115965177316
-0.436018058393
0.280545925396
-0.128941424814
0.0948045192704
0.0948045192704
0.0948045192704
