status    0
success    True
njev    93
nfev    2885
fun    0.000585041365821
x    [ 0.42749038 -0.45917081 -0.22160415  0.08442819  0.08442819  0.08442819
 -0.49121622  0.23185638  0.43003666 -0.04461822 -0.31366447  0.65634068
  0.0875313   0.0875313   0.11597215 -0.53035639 -0.43935809  0.11240235
  0.34684971  0.24098426 -0.5683043   0.09517907  0.11301825 -0.68847603
  0.3608935  -0.13993835  0.11244549  0.11244549  0.11244549]
message    Optimization terminated successfully.
jac    [  1.73065928e-07   1.33506546e-07  -5.64403308e-07   2.64015398e-07
   0.00000000e+00   0.00000000e+00  -1.22949132e-07  -1.11191184e-07
   1.36395101e-07  -2.21443770e-07   2.74205377e-06  -1.71951979e-06
  -8.98144208e-07   0.00000000e+00  -4.37452400e-07   3.55576049e-07
  -3.27868474e-06   1.20692857e-06   1.04527135e-06   2.53323378e-06
  -1.13387068e-06  -5.62278728e-07  -7.26045982e-07   1.09022221e-06
  -6.40749931e-07   1.43727812e-06  -5.76306775e-07   0.00000000e+00
   0.00000000e+00]
nit    93

0.427490384275
-0.459170814034
-0.221604149819
0.0844281931924
0.0844281931924
0.0844281931924
-0.491216215479
0.231856381819
0.430036662225
-0.0446182194213
-0.313664468781
0.656340682171
0.0875312974646
0.0875312974646
0.115972147028
-0.530356391615
-0.439358088288
0.112402349503
0.34684970573
0.240984263051
-0.568304299503
0.0951790697632
0.113018249011
-0.688476032337
0.360893503489
-0.139938351602
0.112445486103
0.112445486103
0.112445486103
