status    0
success    True
njev    96
nfev    2592
fun    0.000479417893207
x    [ 0.41041949 -0.43583416 -0.30057509  0.10866325  0.10866325  0.10866325
 -0.4980012   0.24178861  0.60368747 -0.05686655 -0.38381026  0.44023038
  0.10320727  0.10320727  0.16618118 -0.47561295 -0.39734295  0.05164515
  0.33285004  0.17816179 -0.53169547  0.11382575  0.13142548 -0.55048962
  0.42760861]
message    Optimization terminated successfully.
jac    [  5.83204383e-08   2.64044502e-08  -1.55123416e-07   7.84639269e-08
  -3.63797881e-12  -3.63797881e-12  -2.29811121e-07  -4.87234502e-08
   6.69664587e-07  -3.30503099e-07   1.21943958e-06  -1.58761395e-07
  -4.23413439e-07  -3.63797881e-12  -2.06600816e-07  -5.08225639e-08
  -1.21585981e-06   2.86981958e-07   3.73605872e-07   1.12820635e-06
  -4.13809175e-07  -1.25957740e-07  -3.30976036e-07  -6.91179594e-08
   6.42830855e-09]
nit    96

0.410419490125
-0.435834156677
-0.300575093349
0.108663253301
0.108663253301
0.108663253301
-0.49800119741
0.241788605906
0.603687466276
-0.0568665460231
-0.383810259545
0.440230376371
0.103207272021
0.103207272021
0.166181178751
-0.475612949088
-0.397342951982
0.0516451538911
0.332850036062
0.178161788279
-0.531695465383
0.113825751815
0.131425482746
-0.55048962379
0.427608609081
