status    0
success    True
njev    88
nfev    2730
fun    0.000543330219844
x    [ 0.80145918 -0.5573238  -0.64073969  0.17328054  0.17328054  0.17328054
 -0.70503989  0.31121707  0.27679787  0.00827847 -0.20961988  0.67233266
  0.06186367  0.06186367  0.39875702 -0.52913716 -0.43506968 -0.41722925
 -0.07549283 -0.10155085  0.20198969  0.18790062  0.2921388  -0.65268101
  0.34885924 -0.14359705  0.1080605   0.1080605   0.1080605 ]
message    Optimization terminated successfully.
jac    [ -1.99339411e-06   1.74397428e-07   1.72284490e-06  -7.45101715e-07
   7.27595761e-12   7.27595761e-12   1.11482950e-06  -3.18948878e-07
   8.59283318e-07   9.40053724e-09  -1.64758239e-06  -1.48985418e-06
   4.52993845e-07   7.27595761e-12  -7.96077074e-07   5.06544893e-07
   1.90162973e-06   2.33259925e-06  -5.11447433e-06   2.22059316e-06
  -1.10213296e-06   1.79240305e-06  -6.66535925e-07   3.34439392e-07
  -6.69599103e-07   2.21368828e-06  -9.32290277e-07   7.27595761e-12
   7.27595761e-12]
nit    88

0.801459176729
-0.557323796357
-0.640739685533
0.173280541058
0.173280541058
0.173280541058
-0.705039892809
0.311217068354
0.276797865685
0.00827846874387
-0.209619879583
0.672332662696
0.0618636745426
0.0618636745426
0.398757017563
-0.529137155856
-0.435069679152
-0.41722924858
-0.0754928332437
-0.101550850988
0.201989688406
0.187900617702
0.292138801977
-0.65268100698
0.348859235572
-0.143597045294
0.108060499563
0.108060499563
0.108060499563
