status    9
success    False
njev    101
nfev    3131
fun    0.000560849442181
x    [ 0.81044465 -0.55343161 -0.66890448  0.18061888  0.18061888  0.18061888
 -0.71196342  0.31817806  0.31328561  0.01841401 -0.22184941  0.40925837
  0.06372409  0.06372409  0.44029599 -0.4477042  -0.44565377 -0.45170816
 -0.06480577 -0.10765223  0.21331421  0.18424073  0.29693664 -0.43268305
  0.26956739 -0.04974705  0.07095424  0.07095424  0.07095424]
message    Iteration limit exceeded
jac    [  2.33275205e-06  -1.27536623e-06   3.72481009e-06  -9.64515493e-07
   0.00000000e+00   0.00000000e+00  -1.53057044e-06  -8.17453838e-08
   2.54491169e-07  -1.48662366e-07   4.80067683e-08   6.74306648e-07
  -8.42192094e-08   0.00000000e+00  -1.36378367e-06  -4.53823304e-07
  -1.20635377e-08  -1.94098538e-06   1.11878035e-06   1.35399750e-06
   6.21039362e-07  -1.06707012e-06  -1.07874803e-06   2.32997991e-07
  -7.44170393e-07   1.22671918e-06  -7.10351742e-07   0.00000000e+00
   0.00000000e+00]
nit    101

0.810444649718
-0.553431614261
-0.66890448104
0.180618877057
0.180618877057
0.180618877057
-0.711963423127
0.318178057097
0.313285608961
0.0184140132962
-0.221849409001
0.409258366622
0.0637240864841
0.0637240864841
0.440295991157
-0.447704203447
-0.445653770736
-0.45170815608
-0.0648057740477
-0.107652232805
0.213314208039
0.184240729498
0.296936636016
-0.432683047298
0.269567387774
-0.0497470486382
0.0709542360541
0.0709542360541
0.0709542360541
