status    0
success    True
njev    91
nfev    2367
fun    0.000695841574452
x    [ 0.8026956  -0.56715302 -0.98822307  0.2508935   0.2508935   0.2508935
 -0.89799424  0.30449206  1.19130432 -0.35879233 -0.07263816  0.54394352
 -0.09790755 -0.09790755  0.55111632 -0.74105991 -0.52515882 -0.46250801
 -0.02024977 -0.27351409  0.20203608  0.1598957   0.33600232 -0.74105991]
message    Optimization terminated successfully.
jac    [ -1.35980372e-07  -4.05270839e-08   3.26843292e-07  -1.44937076e-07
   0.00000000e+00   0.00000000e+00  -1.83099473e-07  -7.78527465e-08
  -3.53153155e-07  -2.63753464e-07   3.07508890e-06   1.45955710e-08
  -1.09577377e-06   0.00000000e+00   1.36921881e-06  -1.27947715e-07
  -1.46583625e-06  -2.82763358e-06   2.36635242e-06  -7.36916263e-07
   9.29321686e-07  -8.52742232e-07   2.86643626e-07   0.00000000e+00]
nit    91

0.802695595291
-0.567153022517
-0.988223067426
0.250893498217
0.250893498217
0.250893498217
-0.897994238856
0.304492064352
1.19130432342
-0.358792327927
-0.0726381557158
0.543943524798
-0.0979075476398
-0.0979075476398
0.55111631785
-0.741059910927
-0.525158815964
-0.462508008701
-0.0202497728336
-0.273514086474
0.202036076673
0.15989569752
0.336002318998
-0.741059910927
