status    9
success    False
njev    101
nfev    2727
fun    0.00111425740122
x    [ 0.99967975  0.99967975 -2.70783507  0.94733564 -0.22374634  0.45738133
 -1.01626016  0.82158449  0.42342372  0.42342372  0.56181447 -0.47406429
 -0.49509526 -0.41671061  0.16100776 -0.19930382  0.24915284  0.14073015
  0.34780193 -0.61628818  0.31436933  0.06940372  0.07750504  0.07750504
  0.07750504]
message    Iteration limit exceeded
jac    [ -1.24772050e-05   0.00000000e+00  -5.40025940e-06  -4.54268593e-06
  -3.97468102e-06  -1.94687163e-06   9.11948155e-06   2.79082451e-06
  -8.45961040e-07   0.00000000e+00   1.40379416e-06   5.88130206e-07
  -1.83936208e-08  -2.83219561e-06   6.05951936e-06   1.96132169e-06
   4.68823418e-06   1.41309283e-06   4.05470200e-06   4.11731889e-07
  -4.10145731e-06   4.81129973e-07   3.21172411e-06   0.00000000e+00
   0.00000000e+00]
nit    101

0.999679749932
0.999679749932
-2.70783506989
0.947335636249
-0.223746335338
0.457381330915
-1.01626016332
0.821584493201
0.423423719745
0.423423719745
0.561814472987
-0.474064294164
-0.495095261791
-0.416710605545
0.161007764067
-0.199303820009
0.24915283523
0.140730146502
0.347801931558
-0.616288182798
0.314369329555
0.0694037248521
0.0775050427969
0.0775050427969
0.0775050427969
