status    0
success    True
njev    87
nfev    2262
fun    0.000628056576204
x    [  3.03699541e-01  -8.10256846e-01   3.20031701e-01   1.68009343e-01
   3.08245466e-02   2.55760734e-02   4.29867388e-01   7.00788569e-04
   7.00788569e-04   3.60661079e-01  -4.64137042e-01  -4.55628609e-01
  -4.44183494e-01  -3.50809955e-02  -1.06539790e-01   2.12256862e-01
   1.72431150e-01   2.91067514e-01  -4.09454096e-01   2.68844698e-01
  -1.39572310e-01   9.33939024e-02   9.33939024e-02   9.33939024e-02]
message    Optimization terminated successfully.
jac    [  8.21455615e-09  -1.00189936e-08  -1.49157131e-09   1.03689672e-07
   2.28465069e-09  -1.95439497e-07  -1.22665369e-07  -1.54614099e-08
   7.27595761e-12   1.14395516e-06   4.03888407e-08  -1.75059540e-07
  -1.64069934e-06  -4.61652235e-07   1.04789797e-06   4.71467501e-07
   1.04409992e-07  -2.39015208e-07  -1.03750790e-06  -3.94989911e-07
   2.57943611e-06  -1.14134309e-06   7.27595761e-12   7.27595761e-12]
nit    87

0.303699541202
-0.810256846305
0.320031700907
0.16800934334
0.0308245466195
0.0255760734351
0.429867387914
0.000700788568552
0.000700788568552
0.360661079134
-0.464137042126
-0.455628608706
-0.444183493507
-0.0350809954833
-0.106539789571
0.212256861608
0.172431150057
0.291067514344
-0.409454095594
0.268844698114
-0.13957230979
0.0933939024235
0.0933939024235
0.0933939024235
