status    0
success    True
njev    96
nfev    2592
fun    0.000460206121568
x    [ 0.47498861 -0.4562768  -0.43273663  0.13800827  0.13800827  0.13800827
 -0.51322456  0.24322154  0.57879297 -0.06190113 -0.25977149  0.4448924
  0.05626703  0.05626703  0.46033311 -0.48372948 -0.45883495 -0.46103743
 -0.0575197  -0.11179178  0.21577024  0.18501988  0.29975711 -0.55919841
  0.42668761]
message    Optimization terminated successfully.
jac    [  8.82784661e-07   3.40816769e-07  -2.29066063e-06   1.07544474e-06
   0.00000000e+00   0.00000000e+00  -4.51505912e-07  -2.06200639e-08
   2.23279858e-06  -6.64149411e-07  -9.56923031e-07  -4.89089871e-07
   8.37535481e-08   0.00000000e+00   9.37892764e-07   2.24827090e-09
  -1.89731509e-07  -9.26131179e-07  -1.36620656e-07   4.12601366e-07
   2.66329153e-07   2.90165190e-08  -7.29378371e-08  -6.91543391e-08
   1.01026671e-07]
nit    96

0.4749886124
-0.456276801789
-0.432736630716
0.138008273368
0.138008273368
0.138008273368
-0.513224555557
0.243221541224
0.578792973834
-0.0619011299129
-0.259771487705
0.44489239684
0.0562670259306
0.0562670259306
0.460333114148
-0.483729482134
-0.458834945119
-0.461037430057
-0.0575196974969
-0.111791778636
0.215770239931
0.185019877355
0.299757105044
-0.559198405082
0.426687611462
