status    0
success    True
njev    100
nfev    3203
fun    0.000737410909829
x    [ 0.66590546 -0.51484953 -0.41998398  0.13649615  0.13649615  0.13649615
 -0.50616506  0.29175374 -0.15704224  0.17861177 -0.55712337  0.93001188
  0.25945481  0.25945481  0.10904124 -0.56532903 -0.28068466  0.04576203
  0.39210245  0.14615251 -0.3395878   0.17457932  0.20380728  0.41520029
 -0.78351992  0.3886281  -0.09019963  0.11484368  0.11484368  0.11484368]
message    Optimization terminated successfully.
jac    [ -4.39307769e-07  -7.06568244e-08   1.84962119e-07  -2.29563739e-07
   0.00000000e+00   0.00000000e+00   5.10321115e-07  -5.35874278e-08
  -1.13835995e-06   3.49544280e-07   3.72085196e-07  -3.14830686e-08
  -5.43514034e-08   0.00000000e+00  -1.35747541e-07   8.45102477e-08
  -2.06244295e-07   1.08752283e-06   1.45628292e-07  -3.65005690e-07
  -4.78685251e-07  -4.31115041e-07   2.38520443e-07   1.49564585e-07
  -3.86113243e-07  -2.19108188e-07   1.94292079e-06  -7.08285370e-07
   0.00000000e+00   0.00000000e+00]
nit    100

0.665905464788
-0.514849527779
-0.419983979683
0.136496146978
0.136496146978
0.136496146978
-0.506165058904
0.291753743393
-0.1570422378
0.178611772008
-0.557123373389
0.93001188386
0.259454813749
0.259454813749
0.10904124132
-0.565329026514
-0.280684659562
0.0457620342545
0.392102446656
0.146152514895
-0.339587795958
0.174579317883
0.203807275962
0.415200294399
-0.783519916407
0.388628101157
-0.090199626454
0.114843681148
0.114843681148
0.114843681148
