status    0
success    True
njev    94
nfev    3010
fun    0.000744741049797
x    [ 0.73964937 -0.53094337 -0.49341725  0.15105127  0.15105127  0.15105127
 -0.51265707  0.30519698 -0.19087035  0.2234889  -0.66200135  0.65019708
  0.29429737  0.29429737  0.16171017 -0.47091291 -0.29383377  0.04811077
  0.39413737  0.15556176 -0.36433157  0.17351115  0.20238551  0.42327002
 -0.55088396  0.30211248  0.08270363  0.05535595  0.05535595  0.05535595]
message    Optimization terminated successfully.
jac    [ -5.46264346e-07   1.17288437e-08   1.75668538e-06  -5.29391400e-07
   0.00000000e+00   0.00000000e+00   8.12389771e-07  -5.62358764e-08
  -3.16485966e-06   8.46892362e-07   1.61751814e-06   7.11712346e-07
  -1.12471753e-07   0.00000000e+00  -2.20022048e-06  -9.21791070e-08
   1.65251549e-07   8.32013029e-07  -5.20085450e-08   1.23264181e-06
  -1.94610038e-07  -1.12697307e-07  -5.89912815e-07  -2.34031177e-07
  -4.21146979e-07  -1.52285793e-07   1.11083500e-06  -5.33465936e-07
   0.00000000e+00   0.00000000e+00]
nit    94

0.739649373627
-0.530943366194
-0.493417253608
0.151051270388
0.151051270388
0.151051270388
-0.512657066364
0.305196978898
-0.190870347182
0.223488897385
-0.662001348141
0.650197084104
0.29429737103
0.29429737103
0.161710166182
-0.47091291141
-0.293833772262
0.0481107715473
0.394137373424
0.155561764669
-0.364331573731
0.17351114525
0.202385511654
0.423270018927
-0.550883958877
0.302112477162
0.0827036317629
0.0553559499842
0.0553559499842
0.0553559499842
