status    9
success    False
njev    101
nfev    2728
fun    0.00282133610307
x    [ 0.32353102 -0.34743552 -0.1703964   0.06476697  0.06476697  0.06476697
 -0.49030533  0.47357109 -0.30316782  0.35018387 -1.93469506  0.56853988
  0.64178371  0.64178371  0.91015064 -0.54505387 -1.33442805  0.12433183
  0.65590595  1.50035926 -1.28735903  0.16700576 -0.20799468  0.61444201
 -0.54505387]
message    Iteration limit exceeded
jac    [  6.75150659e-07  -7.60512194e-07  -2.32976163e-06   2.41652015e-06
   0.00000000e+00   0.00000000e+00   8.62867455e-06  -4.94843698e-06
  -7.22581171e-06   5.07530058e-06   1.04518258e-05  -2.25220574e-05
  -3.44167347e-06   0.00000000e+00  -1.11871632e-05   1.02204503e-05
   3.32930358e-06  -2.40979716e-06  -6.15225872e-07   6.71512680e-06
   1.40007178e-05   7.99365807e-07  -3.50907794e-06  -3.34606739e-06
   0.00000000e+00]
nit    101

0.323531022255
-0.347435522743
-0.17039640142
0.0647669673025
0.0647669673025
0.0647669673025
-0.490305325768
0.473571086685
-0.303167823553
0.350183874802
-1.93469505809
0.568539876003
0.641783705995
0.641783705995
0.910150637403
-0.545053867211
-1.3344280452
0.124331829789
0.655905950079
1.50035925961
-1.28735902703
0.167005756702
-0.207994678517
0.614442009526
-0.545053867211
