status    0
success    True
njev    94
nfev    2539
fun    0.000728818017188
x    [ 0.32910053 -0.76256191  0.32910053  0.17185295  0.07457654 -0.50426706
  0.54231311  0.22299588  0.22299588  0.10991763 -0.47032589 -0.34456033
  0.05139013  0.41149838  0.21304495 -0.3688423   0.17344319  0.18263223
  0.41569559 -0.54457241  0.31528062 -0.05800571  0.09576583  0.09576583
  0.09576583]
message    Optimization terminated successfully.
jac    [ -6.85242412e-07  -6.87905413e-07  -7.27595761e-12   1.37233292e-06
  -8.48405762e-07   2.00711656e-06  -5.73963916e-07  -1.16330193e-06
  -7.27595761e-12  -5.82484063e-07  -4.79340088e-08  -7.87164026e-07
   8.22561560e-07   1.89538696e-07   1.66250538e-06  -1.09960092e-06
  -1.24397047e-07  -8.41391739e-08   6.93486072e-07  -2.65063136e-08
  -2.00387149e-07   3.82497092e-08   1.93489541e-07  -7.27595761e-12
  -7.27595761e-12]
nit    94

0.329100526922
-0.762561912062
0.329100526922
0.171852948184
0.0745765361819
-0.504267057185
0.542313109978
0.222995875788
0.222995875788
0.109917629064
-0.470325887193
-0.344560331121
0.0513901285409
0.411498375656
0.213044948482
-0.368842301827
0.173443193216
0.182632228097
0.415695586569
-0.544572413239
0.3152806207
-0.0580057118193
0.0957658347862
0.0957658347862
0.0957658347862
