status    9
success    False
njev    101
nfev    2828
fun    0.00111638918064
x    [ 0.97700011  0.97700011 -2.42776098  0.9042218  -0.91548462  0.64220144
 -0.1617284   1.00583433  0.28527983  0.28527983 -0.125967   -0.45510154
 -0.21352323  0.10224945  0.39124075  0.1827689  -0.25970417  0.18217485
  0.21512887  0.40888967 -0.88841997  0.44886551  0.28245211  0.05236745
  0.05236745  0.05236745]
message    Iteration limit exceeded
jac    [ -6.51707524e-07   0.00000000e+00   9.98916221e-07  -1.93278538e-06
  -2.43299291e-06  -2.71393219e-07  -4.86428326e-06  -1.66092650e-06
   3.63818253e-06   0.00000000e+00   1.99954957e-06  -1.12250564e-06
   1.63920049e-06   5.54064172e-07   9.76171577e-07   3.99352575e-06
  -2.46384297e-06   1.97325426e-06  -1.25376391e-06   9.25720087e-07
   3.90253263e-07  -1.78202754e-07   1.02235936e-06  -1.23123755e-06
   0.00000000e+00   0.00000000e+00]
nit    101

0.977000105918
0.977000105918
-2.42776097902
0.904221797897
-0.915484616453
0.642201439189
-0.161728401883
1.00583432753
0.285279830493
0.285279830493
-0.125966996966
-0.455101536392
-0.213523231719
0.102249453545
0.391240753903
0.182768897889
-0.25970416521
0.18217484751
0.215128866651
0.408889670705
-0.888419972979
0.448865511846
0.282452108027
0.0523674510357
0.0523674510357
0.0523674510357
