status    9
success    False
njev    101
nfev    2828
fun    0.000726668717874
x    [ 0.26328939 -0.38540588 -0.16751535  0.09654395  0.09654395  0.09654395
 -0.27781106  0.22533892  0.14908364  0.14221467 -1.00331985  0.64101698
  0.36938538  0.36938538  0.26026467 -0.47984698 -0.20107497 -0.02100873
  0.36139056  0.0391846  -0.30345941  0.19104201  0.23760011  0.41956048
 -0.55654563  0.43759923]
message    Iteration limit exceeded
jac    [  6.70617737e-07  -1.29904220e-06  -3.61895945e-06   4.25257167e-06
   0.00000000e+00   0.00000000e+00   3.41870327e-06   3.59037222e-06
  -2.05563265e-06   1.38646283e-06   2.59995431e-06   1.66561222e-06
  -8.19462002e-07   0.00000000e+00   6.28532871e-06   2.22708331e-06
   3.24586290e-06  -5.33815182e-07  -3.83076258e-06  -9.27557267e-06
  -1.07714222e-05  -1.84005330e-06   3.46502929e-07   1.69911800e-06
   1.47332321e-06   1.24843064e-06]
nit    101

0.263289391851
-0.385405876498
-0.167515354438
0.0965439463616
0.0965439463616
0.0965439463616
-0.277811059377
0.225338918244
0.149083635994
0.142214670484
-1.00331985451
0.641016982512
0.369385379439
0.369385379439
0.260264674604
-0.479846975065
-0.201074972714
-0.0210087318377
0.361390560829
0.0391845999077
-0.303459413641
0.19104200666
0.237600113608
0.419560477787
-0.556545626392
0.437599234027
