status    9
success    False
njev    101
nfev    3233
fun    0.000779584912187
x    [ 0.30108372 -0.41666602 -0.09499935  0.07019388  0.07019388  0.07019388
 -0.23142144  0.21167329 -0.14331932  0.18776935 -0.7726571   0.81777658
  0.31751891  0.31751891  0.1577871  -0.53192423 -0.27662544  0.06869067
  0.38782997  0.14255541 -0.36517933  0.1648651   0.20669045  0.42329055
 -0.67830973  0.34608125 -0.02396997  0.09111967  0.09111967  0.09111967]
message    Iteration limit exceeded
jac    [  1.51911809e-06   2.35761399e-06  -2.57178908e-06  -1.30041735e-06
   0.00000000e+00   0.00000000e+00  -1.23625796e-07  -2.73541082e-06
  -4.82595351e-06   1.77006586e-06   2.83044210e-06  -4.78572474e-06
  -2.40979716e-07   0.00000000e+00   3.73057992e-06  -3.39028338e-06
   4.12943336e-06   7.23848643e-06   3.17698141e-06   3.48303001e-06
   4.22461017e-06   3.23042332e-06   8.15502426e-06   8.83599569e-06
  -3.41516716e-06  -4.05970059e-06  -5.18606248e-06  -2.19439025e-05
   0.00000000e+00   0.00000000e+00]
nit    101

0.301083722692
-0.416666019954
-0.0949993473144
0.0701938815256
0.0701938815256
0.0701938815256
-0.231421441518
0.211673289215
-0.143319319876
0.187769351906
-0.772657101618
0.817776580822
0.317518911104
0.317518911104
0.157787103938
-0.531924225478
-0.276625440966
0.0686906698436
0.387829965712
0.142555410528
-0.365179326234
0.16486510119
0.206690451003
0.423290553857
-0.678309726032
0.346081252496
-0.0239699718336
0.0911196669464
0.0911196669464
0.0911196669464
