status    0
success    True
njev    75
nfev    2478
fun    0.000381300484178
x    [ 0.77002392 -0.56711056 -0.54815     0.15087681  0.15087681  0.15087681
 -0.62582822  0.29760796 -0.00787497  0.09365561  0.01287916  0.70017849
 -0.00077966 -0.09613679  0.31472685 -0.52450111  0.02488179  0.02488179
  0.02488179 -0.08385952 -0.08385952 -0.09720599  0.00878411  0.00878411
  0.00878411 -0.61054302  0.33061531 -0.14223073  0.10492155  0.10492155
  0.10492155]
message    Optimization terminated successfully.
jac    [ -3.59905243e-08  -5.22966729e-07   2.59940134e-06  -1.11714689e-06
   0.00000000e+00   0.00000000e+00  -3.48234607e-07   5.57345629e-07
  -1.28248575e-06   1.06618609e-06  -4.62096068e-06   1.45766171e-06
   2.15274122e-06  -2.25591430e-06  -4.21605364e-08   4.91309038e-08
   1.16846059e-06   0.00000000e+00   0.00000000e+00   5.21002221e-07
   0.00000000e+00   1.98179987e-06  -2.91267497e-07   0.00000000e+00
   0.00000000e+00  -1.97690315e-06   3.12837074e-07   1.61329808e-06
  -7.20076059e-07   0.00000000e+00   0.00000000e+00]
nit    75

0.770023915389
-0.567110561626
-0.548150003194
0.150876813208
0.150876813208
0.150876813208
-0.625828220229
0.297607962161
-0.00787496753196
0.0936556055285
0.0128791635131
0.70017849062
-0.000779658956072
-0.0961367888314
0.314726854918
-0.524501107248
0.0248817890666
0.0248817890666
0.0248817890666
-0.0838595196557
-0.0838595196557
-0.0972059940593
0.0087841107424
0.0087841107424
0.0087841107424
-0.610543017446
0.330615313031
-0.14223072685
0.104921547024
0.104921547024
0.104921547024
