status    0
success    True
njev    79
nfev    2608
fun    0.000399997485146
x    [ 0.7369017  -0.55449264 -0.53605327  0.14962672  0.14962672  0.14962672
 -0.58229235  0.29332736 -0.05006279  0.12236394  0.04140768  0.49145555
 -0.00784245 -0.09232682  0.36743086 -0.45857736  0.02208156  0.02208156
  0.02208156 -0.09941546 -0.09941546 -0.13708742  0.01651803  0.01651803
  0.01651803 -0.3997562   0.25723693 -0.11669372  0.08640433  0.08640433
  0.08640433]
message    Optimization terminated successfully.
jac    [  1.43891521e-06  -6.53402822e-07   2.97534643e-06  -1.00150282e-06
   1.45519152e-11   1.45519152e-11  -1.99058923e-06   8.81016604e-07
  -1.31361958e-06   9.79649485e-07  -4.38697680e-06   3.54011718e-07
   1.75026435e-06  -2.38995199e-06   9.75880539e-07   1.76325557e-07
   9.37292498e-07   1.45519152e-11   1.45519152e-11  -1.00557372e-07
   1.45519152e-11   2.31932063e-06  -7.07739673e-07   1.45519152e-11
   1.45519152e-11  -1.08404129e-06   1.00950274e-07   1.69379200e-06
  -7.03123078e-07   1.45519152e-11   1.45519152e-11]
nit    79

0.736901696031
-0.554492637339
-0.536053271969
0.149626715593
0.149626715593
0.149626715593
-0.582292345529
0.29332736188
-0.0500627900348
0.122363941137
0.0414076829442
0.491455553207
-0.00784244715946
-0.092326818378
0.367430855831
-0.458577364529
0.0220815612712
0.0220815612712
0.0220815612712
-0.0994154640321
-0.0994154640321
-0.13708742283
0.0165180347363
0.0165180347363
0.0165180347363
-0.399756203091
0.257236929086
-0.116693721624
0.0864043318764
0.0864043318764
0.0864043318764
