status    0
success    True
njev    62
nfev    1738
fun    0.000450263086396
x    [  7.79984253e-01  -5.87617461e-01  -7.72818262e-01   1.93483823e-01
   1.93483823e-01   1.93483823e-01  -9.05139790e-01   3.08298036e-01
   1.03332057e+00  -3.30245100e-01   3.61165349e-01   6.65109515e-01
  -2.40546428e-01  -2.35335939e-01   4.67555997e-01  -7.87420470e-01
   5.25639617e-04   5.25639617e-04   5.25639617e-04  -1.83098532e-01
  -1.83098532e-01  -2.27843988e-01   1.43742873e-02   1.43742873e-02
   1.43742873e-02  -7.87420470e-01]
message    Optimization terminated successfully.
jac    [ -2.27792407e-06  -8.30670615e-07   6.02603177e-06  -2.90860407e-06
   0.00000000e+00   0.00000000e+00  -4.47183993e-07   1.28857209e-08
   7.26988219e-07  -1.05777872e-07   1.13726855e-06  -1.72582077e-07
  -4.19706339e-07   1.13959322e-06  -9.41239705e-07   2.18824425e-07
  -1.86919351e-07   0.00000000e+00   0.00000000e+00   2.77177605e-07
   0.00000000e+00  -1.68224506e-06   5.67488314e-07   0.00000000e+00
   0.00000000e+00   0.00000000e+00]
nit    62

0.779984252643
-0.587617460654
-0.772818262209
0.193483823406
0.193483823406
0.193483823406
-0.905139789848
0.308298035971
1.0333205719
-0.33024509968
0.361165348838
0.665109514728
-0.240546428465
-0.235335938986
0.467555996827
-0.787420469727
0.000525639617175
0.000525639617175
0.000525639617175
-0.183098532479
-0.183098532479
-0.227843987641
0.0143742873065
0.0143742873065
0.0143742873065
-0.787420469727
