status    0
success    True
njev    76
nfev    2128
fun    0.000512903420089
x    [ 0.28551535 -0.76481746  0.32251641 -0.01532228  0.07419859  0.20503857
  0.44535193 -0.04166779 -0.16994393  0.16410124 -0.45494206  0.03303046
  0.03303046  0.03303046 -0.05476986 -0.05476986 -0.00563825 -0.01131399
 -0.01131399 -0.01131399 -0.427051    0.27401988 -0.09855742  0.08386285
  0.08386285  0.08386285]
message    Optimization terminated successfully.
jac    [  5.16374712e-08   2.48008291e-07   5.81203494e-08  -9.86969098e-07
   3.18017555e-07   5.53809514e-07   2.64641130e-07  -5.99975465e-08
  -9.00014129e-07  -8.62200977e-09   1.33513822e-08  -4.04252205e-08
   0.00000000e+00   0.00000000e+00  -5.88624971e-09   0.00000000e+00
   7.19424861e-07  -1.14559953e-07   0.00000000e+00   0.00000000e+00
  -6.71279849e-08  -4.17567207e-08   2.03799573e-07  -8.78208084e-08
   0.00000000e+00   0.00000000e+00]
nit    76

0.285515349972
-0.764817460312
0.32251640826
-0.0153222761423
0.0741985885935
0.20503857214
0.445351930178
-0.0416677923759
-0.169943926002
0.164101238799
-0.454942059617
0.0330304601005
0.0330304601005
0.0330304601005
-0.0547698624072
-0.0547698624072
-0.00563825430168
-0.0113139915599
-0.0113139915599
-0.0113139915599
-0.427050998151
0.274019879323
-0.0985574247147
0.0838628478475
0.0838628478475
0.0838628478475
