status    0
success    True
njev    63
nfev    1828
fun    0.00062487744141
x    [ 0.60633357  0.60633357 -1.29900702  0.60633357 -0.74969894  0.50107798
 -0.40454831  0.90588131  0.2765978  -0.1336067   0.20271733 -0.49470367
  0.10237586  0.10237586  0.10237586  0.0271031   0.0271031  -0.19090022
  0.06861865  0.06861865  0.06861865 -0.64330473  0.30123996  0.32618292
  0.00529395  0.00529395  0.00529395]
message    Optimization terminated successfully.
jac    [  7.83069117e-06   0.00000000e+00   1.06172229e-06   0.00000000e+00
  -4.92407707e-07   1.68977567e-06   3.64058360e-06   2.55347550e-06
  -7.41689291e-07   4.38420102e-07  -4.03692684e-06   2.36573396e-06
   2.82601832e-06   0.00000000e+00   0.00000000e+00  -2.28020508e-06
   0.00000000e+00  -2.58364889e-06  -1.21535268e-05   0.00000000e+00
   0.00000000e+00  -2.37647328e-07  -6.40458893e-07   3.61891580e-07
   5.21904440e-07   0.00000000e+00   0.00000000e+00]
nit    63

0.606333568979
0.606333568979
-1.2990070187
0.606333568979
-0.74969893954
0.501077977182
-0.404548307006
0.905881312507
0.276597803401
-0.133606700699
0.202717328822
-0.494703671614
0.102375862996
0.102375862996
0.102375862996
0.0271030971007
0.0271030971007
-0.190900221212
0.0686186489117
0.0686186489117
0.0686186489117
-0.643304731304
0.30123995787
0.326182918559
0.0052939516249
0.0052939516249
0.0052939516249
