status    0
success    True
njev    68
nfev    1973
fun    0.000256275614016
x    [ 0.47862274 -0.47310732 -0.34627405  0.11358621  0.11358621  0.11358621
 -0.44218289  0.23536617  0.21589372  0.02365995  0.14133205  0.55261542
 -0.05705507 -0.11096537  0.29884571 -0.5050199   0.0191857   0.0191857
  0.0191857  -0.08452764 -0.08452764 -0.20852036  0.0392656   0.0392656
  0.0392656  -0.57189254  0.4216245 ]
message    Optimization terminated successfully.
jac    [ -3.14790668e-07   1.09459506e-07   8.04528099e-07  -5.83666406e-07
   0.00000000e+00   0.00000000e+00   1.09562461e-06   8.61517037e-07
   3.11083568e-08   8.63365130e-07   5.23369818e-06   1.81324140e-07
  -7.06360879e-07   1.15731382e-07  -2.82149995e-06  -7.29087333e-07
  -2.74559716e-06   0.00000000e+00   0.00000000e+00   1.14350041e-06
   0.00000000e+00  -2.85061469e-06   1.71759530e-06   0.00000000e+00
   0.00000000e+00  -3.24973371e-07  -8.35618266e-07]
nit    68

0.478622743922
-0.473107319607
-0.34627404737
0.113586207685
0.113586207685
0.113586207685
-0.442182894385
0.235366165808
0.215893715979
0.0236599464952
0.141332047306
0.552615420248
-0.0570550712956
-0.110965373706
0.298845707574
-0.505019895302
0.0191857039808
0.0191857039808
0.0191857039808
-0.0845276413321
-0.0845276413321
-0.208520356843
0.0392655988386
0.0392655988386
0.0392655988386
-0.571892536683
0.421624499011
