status    0
success    True
njev    74
nfev    2444
fun    0.00036599261324
x    [ 0.76714246 -0.5615645  -0.57258387  0.15796123  0.15796123  0.15796123
 -0.65331804  0.30778269  0.18113966  0.06911033 -0.49403584  0.66795484
  0.11953464  0.11953464  0.61009564 -0.52485084 -0.10272398 -0.37477477
 -0.37477477  0.07488764  0.07488764  0.07488764  0.07488764  0.07488764
  0.07488764 -0.62305798  0.32964672 -0.09513534  0.09388961  0.09388961
  0.09388961]
message    Optimization terminated successfully.
jac    [  7.50878826e-09  -4.05707397e-08   3.86797183e-07  -1.25099177e-07
   0.00000000e+00   0.00000000e+00   6.65932021e-08   6.17437763e-08
  -5.76128514e-07   2.51067831e-07  -4.64635377e-07   2.56834028e-07
   2.57932697e-07   0.00000000e+00  -1.36091330e-06  -7.14862836e-09
   3.16016667e-07   1.73212538e-06   0.00000000e+00  -4.15311661e-07
   0.00000000e+00   0.00000000e+00   0.00000000e+00   0.00000000e+00
   0.00000000e+00  -1.26448867e-07   6.88087312e-08  -8.94942787e-09
  -6.70115696e-09   0.00000000e+00   0.00000000e+00]
nit    74

0.767142457322
-0.561564496322
-0.572583870366
0.157961227325
0.157961227325
0.157961227325
-0.653318039251
0.307782689751
0.181139660436
0.06911032751
-0.494035841668
0.66795484239
0.119534637318
0.119534637318
0.610095639325
-0.52485083804
-0.102723983509
-0.374774771482
-0.374774771482
0.0748876352308
0.0748876352308
0.0748876352308
0.0748876352308
0.0748876352308
0.0748876352308
-0.623057975288
0.329646721087
-0.0951353352112
0.0938896056018
0.0938896056018
0.0938896056018
