status    0
success    True
njev    77
nfev    2543
fun    0.000382425477495
x    [  7.53849036e-01  -5.52583511e-01  -5.76553292e-01   1.59925982e-01
   1.59925982e-01   1.59925982e-01  -6.26791247e-01   3.12358356e-01
   1.32676163e-01   1.05666184e-01  -4.98963435e-01   4.61259756e-01
   1.27128755e-01   1.27128755e-01   6.52040347e-01  -4.57736851e-01
  -1.03589094e-01  -4.61071928e-01  -4.61071928e-01   9.77459976e-02
   9.77459976e-02   9.77459976e-02   9.77459976e-02   9.77459976e-02
   9.77459976e-02  -4.29154888e-01   2.56394584e-01  -2.75193022e-04
   5.76784992e-02   5.76784992e-02   5.76784992e-02]
message    Optimization terminated successfully.
jac    [ -1.90102583e-07   6.48760761e-08   7.63699063e-07  -1.27784006e-07
   0.00000000e+00   0.00000000e+00   1.26230589e-07  -1.81535142e-09
  -5.08589437e-08   1.07513188e-07  -3.48041794e-07   3.47245077e-08
   5.30089892e-08   0.00000000e+00   1.25052975e-06   5.53118298e-08
  -1.50801498e-07  -1.63967343e-06   0.00000000e+00   3.59617843e-07
   0.00000000e+00   0.00000000e+00   0.00000000e+00   0.00000000e+00
   0.00000000e+00  -2.85621354e-07  -9.62318154e-08   6.81418896e-07
  -2.91940523e-07   0.00000000e+00   0.00000000e+00]
nit    77

0.753849035757
-0.552583510846
-0.576553292138
0.15992598233
0.15992598233
0.15992598233
-0.626791247197
0.312358356414
0.132676163497
0.105666183742
-0.498963434664
0.461259755629
0.1271287554
0.1271287554
0.652040346701
-0.457736850761
-0.103589094384
-0.46107192771
-0.46107192771
0.0977459976464
0.0977459976464
0.0977459976464
0.0977459976464
0.0977459976464
0.0977459976464
-0.429154888328
0.256394583746
-0.000275193021904
0.0576784992016
0.0576784992016
0.0576784992016
