status    0
success    True
njev    62
nfev    1739
fun    0.00045254110842
x    [ 0.76900513 -0.57955377 -0.78715946  0.19923603  0.19923603  0.19923603
 -0.84230095  0.30987727  0.88505925 -0.21105516 -0.24735927  0.65338675
 -0.02782388 -0.02782388  0.71175338 -0.76578663 -0.11388154 -0.75655088
 -0.75655088  0.15914051  0.15914051  0.15914051  0.15914051  0.15914051
  0.15914051 -0.76578663]
message    Optimization terminated successfully.
jac    [ -7.23906851e-07  -4.43549652e-07   2.25936674e-06  -1.08331005e-06
  -3.63797881e-12  -3.63797881e-12   7.97183020e-07   1.88083504e-07
  -9.76782758e-07   1.01827754e-06  -2.31717422e-07   3.97572876e-07
   8.81322194e-07  -3.63797881e-12  -1.08083987e-06   3.82024155e-07
   1.65253368e-06  -4.64940604e-06  -3.63797881e-12   1.75572131e-06
  -3.63797881e-12  -3.63797881e-12  -3.63797881e-12  -3.63797881e-12
  -3.63797881e-12  -3.63797881e-12]
nit    62

0.769005133925
-0.579553765716
-0.787159464449
0.19923603208
0.19923603208
0.19923603208
-0.842300950974
0.30987727134
0.885059247064
-0.21105515663
-0.247359272151
0.653386749189
-0.0278238829749
-0.0278238829749
0.711753383117
-0.765786632975
-0.113881535743
-0.756550880076
-0.756550880076
0.159140509473
0.159140509473
0.159140509473
0.159140509473
0.159140509473
0.159140509473
-0.765786632975
