status    0
success    True
njev    70
nfev    2033
fun    0.000629593392594
x    [ 0.68158502  0.68158502 -1.58270552  0.62571831 -0.13954758  0.33337824
 -1.15187661  0.76194217  0.40079596  0.40079596  0.47751913 -0.45378408
 -0.05584991 -0.02275488 -0.02275488  0.01099228  0.01099228  0.01099228
  0.01099228  0.01099228  0.01099228 -0.69294068  0.33108796  0.33002716
  0.01060852  0.01060852  0.01060852]
message    Optimization terminated successfully.
jac    [  1.13279457e-05  -1.45519152e-11   6.78849028e-06   5.94580342e-06
   1.81827636e-06   2.86071736e-06  -4.62016033e-07   3.85739258e-06
   6.08539267e-07  -1.45519152e-11  -1.13298302e-06   3.91185313e-06
  -1.83684460e-06  -7.93630898e-06  -1.45519152e-11  -2.56335989e-05
  -1.45519152e-11  -1.45519152e-11  -1.45519152e-11  -1.45519152e-11
  -1.45519152e-11  -9.88104148e-07  -1.08889799e-06   1.75351306e-06
   3.29098839e-07  -1.45519152e-11  -1.45519152e-11]
nit    70

0.681585016678
0.681585016678
-1.58270551875
0.625718305452
-0.139547583697
0.33337823951
-1.15187660686
0.761942167522
0.400795959562
0.400795959562
0.477519134067
-0.453784082158
-0.0558499079573
-0.0227548764804
-0.0227548764804
0.0109922755586
0.0109922755586
0.0109922755586
0.0109922755586
0.0109922755586
0.0109922755586
-0.692940679837
0.331087959623
0.330027164405
0.0106085186032
0.0106085186032
0.0106085186032
