status    0
success    True
njev    74
nfev    2074
fun    0.000470172303593
x    [ 0.29374807 -0.79538623  0.33193589  0.09115401  0.08487093 -0.29375223
  0.44297798  0.0811047   0.0811047   0.50695919 -0.46393094 -0.06656903
 -0.38286374 -0.38286374  0.07858507  0.07858507  0.07858507  0.07858507
  0.07858507  0.07858507 -0.40507681  0.28223312 -0.26312031  0.12865466
  0.12865466  0.12865466]
message    Optimization terminated successfully.
jac    [  1.96887413e-08   4.14875103e-08   1.56396709e-08  -1.35227310e-07
   5.50608092e-08   1.77293259e-07   4.84360498e-08  -2.43671820e-08
   0.00000000e+00   1.36849849e-07   1.50503183e-08   1.23291102e-08
  -3.26002919e-07   0.00000000e+00   9.32195690e-08   0.00000000e+00
   0.00000000e+00   0.00000000e+00   0.00000000e+00   0.00000000e+00
  -5.14046405e-08  -3.33566277e-08   1.52787834e-07  -6.04231900e-08
   0.00000000e+00   0.00000000e+00]
nit    74

0.293748065951
-0.795386232256
0.331935890796
0.0911540061245
0.0848709274309
-0.293752231963
0.442977983594
0.0811046989382
0.0811046989382
0.506959191958
-0.463930937033
-0.066569032091
-0.382863739014
-0.382863739014
0.0785850746067
0.0785850746067
0.0785850746067
0.0785850746067
0.0785850746067
0.0785850746067
-0.405076806543
0.282233123825
-0.263120306534
0.128654663084
0.128654663084
0.128654663084
