status    0
success    True
njev    75
nfev    2477
fun    0.000386576116515
x    [ 0.48672859 -0.49571583 -0.24374458  0.08424394  0.08424394  0.08424394
 -0.45791047  0.24282891  0.20866995  0.04662467 -0.53296026  0.69410172
  0.11943948  0.11943948  0.64406216 -0.53674174 -0.12206907 -0.33174051
 -0.33174051  0.06051211  0.06051211  0.06051211  0.06051211  0.06051211
  0.06051211 -0.64870561  0.33638035 -0.10987187  0.09904021  0.09904021
  0.09904021]
message    Optimization terminated successfully.
jac    [ -9.34574928e-07  -3.08897143e-07   2.32163802e-06  -1.06881271e-06
  -1.09139364e-11  -1.09139364e-11   4.72125976e-07   4.92036634e-08
  -2.26481643e-06   7.75300578e-07   3.18872480e-07  -5.09240635e-07
   1.25182851e-08  -1.09139364e-11  -1.35405571e-08   2.87749572e-07
  -1.20773620e-07   6.85333362e-07  -1.09139364e-11  -2.38818757e-07
  -1.09139364e-11  -1.09139364e-11  -1.09139364e-11  -1.09139364e-11
  -1.09139364e-11   7.73830834e-07  -3.16911610e-07   6.60380465e-07
  -2.69643351e-07  -1.09139364e-11  -1.09139364e-11]
nit    75

0.486728585784
-0.495715827713
-0.24374457849
0.0842439401393
0.0842439401393
0.0842439401393
-0.457910474146
0.242828910474
0.208669949556
0.0466246745321
-0.532960258064
0.694101720719
0.119439481005
0.119439481005
0.644062164851
-0.536741737286
-0.122069074209
-0.331740513497
-0.331740513497
0.0605121140679
0.0605121140679
0.0605121140679
0.0605121140679
0.0605121140679
0.0605121140679
-0.64870560967
0.336380348026
-0.109871872425
0.0990402127391
0.0990402127391
0.0990402127391
