status    0
success    True
njev    68
nfev    1976
fun    0.000236290268364
x    [ 0.46417568 -0.46670792 -0.33385218  0.11212814  0.11212814  0.11212814
 -0.49925187  0.2506824   0.50505752 -0.03273597 -0.40181493  0.49561604
  0.06707007  0.06707007  0.66727928 -0.4984919  -0.1349616  -0.4528774
 -0.4528774   0.09408623  0.09408623  0.09408623  0.09408623  0.09408623
  0.09408623 -0.57461195  0.43033028]
message    Optimization terminated successfully.
jac    [  5.16778528e-07  -2.76955689e-07  -1.04417450e-06   8.20831701e-07
   0.00000000e+00   0.00000000e+00   7.84250005e-07   2.60808520e-07
  -1.57925751e-06   1.33823050e-08   4.11277324e-06   3.23214408e-07
  -4.47749699e-07   0.00000000e+00   3.11795702e-06  -3.13137207e-07
  -2.11568477e-07  -6.75249976e-06   0.00000000e+00   1.30852823e-06
   0.00000000e+00   0.00000000e+00   0.00000000e+00   0.00000000e+00
   0.00000000e+00  -1.52498615e-07  -1.80179995e-07]
nit    68

0.464175683911
-0.466707917604
-0.33385217711
0.112128136934
0.112128136934
0.112128136934
-0.499251871556
0.250682402233
0.505057522064
-0.032735974536
-0.401814929296
0.495616044016
0.0670700663564
0.0670700663564
0.667279282376
-0.498491902543
-0.134961602412
-0.452877399371
-0.452877399371
0.0940862274313
0.0940862274313
0.0940862274313
0.0940862274313
0.0940862274313
0.0940862274313
-0.574611946568
0.430330277663
