status    0
success    True
njev    97
nfev    3398
fun    0.000613754687359
x    [ 0.81125287 -0.55865437 -0.70175627  0.19098797  0.19098797  0.19098797
 -0.72139691  0.30392943  0.32818474 -0.01826982 -0.18596366  0.65803098
  0.017066    0.017066    0.54759416 -0.5340495  -0.12924629 -0.12924629
 -0.36746938  0.08685218  0.08685218  0.15936095  0.02565291  0.02565291
 -0.74059979  0.2849996   0.2849996  -0.63664415  0.34104717 -0.19359315
  0.12179466  0.12179466  0.12179466]
message    Optimization terminated successfully.
jac    [ -4.93026164e-07   5.36529114e-08   4.98861482e-07  -1.76791218e-07
   7.27595761e-12   7.27595761e-12   2.36286724e-07  -1.70242856e-07
  -1.37508323e-07  -1.07618689e-07   1.01020123e-06  -4.30336513e-07
  -4.46219929e-07   7.27595761e-12   9.89508408e-07   4.02724254e-08
  -3.86760803e-07   7.27595761e-12  -1.53035216e-06   1.88869308e-07
   7.27595761e-12   1.81320502e-06  -5.37576852e-07   7.27595761e-12
  -3.70622729e-07  -7.91478669e-08   7.27595761e-12   1.88418198e-07
  -1.82866643e-07   3.80241545e-07  -1.81207724e-07   7.27595761e-12
   7.27595761e-12]
nit    97

0.811252871454
-0.558654373713
-0.701756265803
0.190987966501
0.190987966501
0.190987966501
-0.721396910495
0.303929426861
0.328184743031
-0.0182698248393
-0.18596366152
0.658030975587
0.0170660030424
0.0170660030424
0.547594156665
-0.534049504975
-0.129246292182
-0.129246292182
-0.367469384685
0.0868521844337
0.0868521844337
0.159360949868
0.0256529144027
0.0256529144027
-0.740599785368
0.28499960024
0.28499960024
-0.636644145927
0.34104717136
-0.193593149895
0.12179466434
0.12179466434
0.12179466434
