status    0
success    True
njev    87
nfev    2611
fun    0.000750199286991
x    [ 0.81233781 -0.56338658 -1.07513101  0.27539326  0.27539326  0.27539326
 -0.86093347  0.29812089  0.98976828 -0.3127036   0.02045244  0.63685589
 -0.15339737 -0.15339737  0.90526499 -0.76651914 -0.28868404 -0.28868404
 -0.24577256  0.00216816  0.00216816  0.28553989 -0.03257471 -0.03257471
 -0.8007176   0.28106952  0.28106952 -0.76651914]
message    Optimization terminated successfully.
jac    [ -5.33596904e-07  -2.33521860e-07   1.41554483e-06  -6.43449312e-07
   0.00000000e+00   0.00000000e+00  -2.96975486e-07  -2.68773874e-08
   1.00962643e-06  -3.88208719e-07   1.13570422e-06  -3.04993591e-07
  -3.43003194e-07   0.00000000e+00  -7.82965799e-07   2.13040039e-08
   2.86432623e-07   0.00000000e+00  -2.23288953e-06   5.79275365e-07
   0.00000000e+00   2.40263034e-06  -5.63573849e-07   0.00000000e+00
  -3.81711288e-07  -2.51238816e-08   0.00000000e+00   0.00000000e+00]
nit    87

0.812337807814
-0.563386582905
-1.07513100541
0.275393260168
0.275393260168
0.275393260168
-0.86093346928
0.298120891625
0.989768282481
-0.312703595926
0.0204524406627
0.636855893098
-0.153397367891
-0.153397367891
0.905264986761
-0.766519140413
-0.288684035954
-0.288684035954
-0.245772557453
0.00216815543395
0.00216815543395
0.285539892679
-0.0325747123423
-0.0325747123423
-0.800717602262
0.281069519974
0.281069519974
-0.766519140413
