status    0
success    True
njev    82
nfev    2543
fun    0.000853861235964
x    [ 0.69324786  0.69324786 -1.63818314  0.63066288 -0.20776424  0.33942059
 -0.68308023  0.797293    0.30288441  0.30288441  0.06745052 -0.47687259
  0.08512619  0.08512619 -0.42636584  0.16617486  0.16617486  0.0594006
  0.07843931  0.07843931 -0.72643861  0.30636589  0.30636589 -0.62680493
  0.31172593  0.16160116  0.05115928  0.05115928  0.05115928]
message    Optimization terminated successfully.
jac    [  2.54962652e-06   0.00000000e+00   7.04290869e-07   1.12631824e-06
  -2.47746357e-07   7.14528142e-07   2.78652442e-06   5.87497198e-07
  -8.09704943e-07   0.00000000e+00   8.19949491e-07   3.45229637e-07
  -3.55204975e-07   0.00000000e+00  -2.13542080e-07  -9.81359335e-07
   0.00000000e+00  -4.45733895e-06  -3.23299901e-07   0.00000000e+00
  -1.86715624e-07  -1.97023473e-06   0.00000000e+00   4.17676347e-07
   1.49273546e-07  -6.41797669e-07   7.88058969e-08   0.00000000e+00
   0.00000000e+00]
nit    82

0.693247861336
0.693247861336
-1.6381831442
0.630662875802
-0.207764240507
0.339420588645
-0.683080234755
0.797293004644
0.302884412324
0.302884412324
0.0674505160565
-0.476872586817
0.0851261948957
0.0851261948957
-0.426365835266
0.166174860791
0.166174860791
0.0594006048776
0.0784393093749
0.0784393093749
-0.726438606053
0.306365890066
0.306365890066
-0.626804933445
0.311725926174
0.161601161537
0.0511592819112
0.0511592819112
0.0511592819112
