status    0
success    True
njev    73
nfev    2193
fun    0.000701202556652
x    [ 0.28821951 -0.80321169  0.32127891  0.15719156  0.02538573  0.01905428
  0.42902357 -0.03067442 -0.03067442  0.53634101 -0.4725408  -0.13790402
 -0.13790402 -0.35069139  0.07738001  0.07738001  0.15483225  0.02528303
  0.02528303 -0.74574648  0.28634716  0.28634716 -0.38851081  0.26359581
 -0.21066562  0.11186021  0.11186021  0.11186021]
message    Optimization terminated successfully.
jac    [ -5.63712092e-07  -7.85832526e-07  -4.61797754e-07   1.39931944e-06
  -1.25142833e-06   2.88406591e-06  -9.60324542e-07  -1.91223808e-06
  -7.27595761e-12   3.43922875e-06  -4.41308657e-07  -2.12514715e-06
  -7.27595761e-12   5.29211684e-06  -2.46798299e-06  -7.27595761e-12
  -3.22339474e-07  -6.93849870e-07  -7.27595761e-12  -6.83714461e-07
  -2.52395694e-07  -7.27595761e-12  -3.06456059e-07  -2.49157893e-07
   9.79969627e-07  -4.19531716e-07  -7.27595761e-12  -7.27595761e-12]
nit    73

0.288219508332
-0.803211685364
0.321278910106
0.157191558722
0.0253857290346
0.0190542810096
0.429023571107
-0.0306744154258
-0.0306744154258
0.536341013769
-0.472540802137
-0.137904020414
-0.137904020414
-0.350691385943
0.0773800132516
0.0773800132516
0.154832252519
0.0252830254926
0.0252830254926
-0.745746481222
0.286347162129
0.286347162129
-0.388510814139
0.263595807929
-0.210665619139
0.11186020845
0.11186020845
0.11186020845
