status    0
success    True
njev    93
nfev    2883
fun    0.000563180751062
x    [ 0.47287895 -0.45698807 -0.42437044  0.13615985  0.13615985  0.13615985
 -0.48697643  0.23794827  0.46262967 -0.04382792 -0.1593382   0.4795841
  0.00547966  0.00547966  0.53666309 -0.4908112  -0.12866934 -0.12866934
 -0.3802436   0.09159225  0.09159225  0.16689551  0.02451572  0.02451572
 -0.73981787  0.2848196   0.2848196  -0.56368511  0.42550391]
message    Optimization terminated successfully.
jac    [  7.26795406e-08  -8.39936547e-08   2.33427272e-07  -2.15521140e-07
   7.27595761e-12   7.27595761e-12   2.99565727e-07   6.16390025e-07
   9.54023562e-08   1.71785359e-08   1.31782872e-06   2.15288310e-07
  -5.26510121e-07   7.27595761e-12  -7.44381396e-07   3.06594302e-07
  -4.60750016e-07   7.27595761e-12  -7.93836080e-07   7.50078470e-08
   7.27595761e-12   5.74029400e-07  -5.64847142e-07   7.27595761e-12
  -3.38310201e-07  -3.36978701e-07   7.27595761e-12   1.72069122e-07
   1.96414476e-07]
nit    93

0.472878953715
-0.456988067505
-0.424370439524
0.136159851104
0.136159851104
0.136159851104
-0.486976426349
0.237948274703
0.462629674717
-0.0438279249512
-0.1593381989
0.479584104677
0.00547966431302
0.00547966431302
0.536663092489
-0.490811201485
-0.128669344985
-0.128669344985
-0.380243600444
0.0915922464754
0.0915922464754
0.16689551263
0.024515723138
0.024515723138
-0.739817874282
0.284819597959
0.284819597959
-0.563685112952
0.425503906347
