status    0
success    True
njev    80
nfev    2883
fun    0.000761778663313
x    [ 0.82238015 -0.567891   -0.62332549  0.1798884   0.1798884   0.1798884
 -0.76084459  0.31826861  0.37619585 -0.00628984 -0.36415662  0.81409575
  0.14886991  0.14886991 -0.31013038 -0.57522362  0.19635015  0.19635015
 -0.75763296  0.31564865  0.31564865  0.04882945  0.17302869  0.17302869
 -0.76059898  0.43656418  0.43656418  0.43656418 -0.80612003  0.38326859
 -0.07198318  0.10800192  0.10800192  0.10800192]
message    Optimization terminated successfully.
jac    [ -4.28401108e-07  -1.86890247e-07   1.63246295e-06  -6.26430847e-07
  -1.45519152e-11  -1.45519152e-11  -1.93940650e-07  -2.60406523e-08
  -3.58435500e-07  -1.40695192e-07   3.12303018e-06  -1.28129614e-08
  -9.95380105e-07  -1.45519152e-11   2.42631359e-07  -4.85379132e-08
  -1.89458660e-07  -1.45519152e-11  -1.79870403e-06   4.20172000e-07
  -1.45519152e-11   8.63292371e-07  -1.59743649e-07  -1.45519152e-11
  -8.13524821e-07   1.72192813e-07  -1.45519152e-11  -1.45519152e-11
  -3.84847226e-07  -1.39167241e-07   5.21649781e-07  -3.19923856e-07
  -1.45519152e-11  -1.45519152e-11]
nit    80

0.822380146415
-0.567891004899
-0.623325487396
0.179888401707
0.179888401707
0.179888401707
-0.760844590981
0.318268607618
0.376195849042
-0.00628984042546
-0.364156615785
0.814095746624
0.148869908397
0.148869908397
-0.310130376706
-0.575223620197
0.196350147629
0.196350147629
-0.757632963697
0.315648651717
0.315648651717
0.048829447338
0.173028689141
0.173028689141
-0.760598982204
0.436564181869
0.436564181869
0.436564181869
-0.806120026075
0.383268589948
-0.0719831808317
0.108001919239
0.108001919239
0.108001919239
