status    0
success    True
njev    84
nfev    3025
fun    0.000793763643882
x    [ 0.78022153 -0.54853675 -0.59483086  0.17402073  0.17402073  0.17402073
 -0.68593849  0.31342406  0.29384657  0.05304952 -0.40632933  0.47784122
  0.17310337  0.17310337 -0.28845727 -0.46175595  0.19907901  0.19907901
 -0.84710322  0.33892099  0.33892099  0.11712442  0.15817351  0.15817351
 -0.78440724  0.44041195  0.44041195  0.44041195 -0.5198839   0.27617203
  0.13140098  0.03743696  0.03743696  0.03743696]
message    Optimization terminated successfully.
jac    [ -4.46918420e-07  -1.22381607e-07   1.90737046e-06  -7.25602149e-07
   0.00000000e+00   0.00000000e+00   2.28370482e-07  -1.18190655e-07
  -1.59138290e-06   2.56804924e-07   2.13567546e-06   1.66510290e-07
  -5.97618055e-07   0.00000000e+00  -5.25978976e-08  -8.92250682e-08
  -4.58894647e-08   0.00000000e+00  -1.84478995e-06   4.46547347e-07
   0.00000000e+00   1.69733539e-06  -3.48154572e-07   0.00000000e+00
  -8.22743459e-07   1.30203262e-07   0.00000000e+00   0.00000000e+00
  -4.21350705e-08   6.39629434e-08  -4.50381776e-09  -1.37952156e-08
   0.00000000e+00   0.00000000e+00]
nit    84

0.780221525457
-0.548536752144
-0.594830855321
0.174020732561
0.174020732561
0.174020732561
-0.68593849386
0.313424060992
0.293846573164
0.0530495244796
-0.406329333383
0.477841218703
0.173103370712
0.173103370712
-0.288457265914
-0.46175595406
0.199079014538
0.199079014538
-0.847103215517
0.3389209863
0.3389209863
0.117124416846
0.158173506055
0.158173506055
-0.784407243499
0.440411947055
0.440411947055
0.440411947055
-0.519883901385
0.276172034407
0.1314009803
0.0374369622262
0.0374369622262
0.0374369622262
