status    0
success    True
njev    96
nfev    2976
fun    0.00237680593936
x    [ 0.62148857 -0.47551883 -0.72791893  0.19398306  0.19398306  0.19398306
 -0.70360368  0.44402473  0.1739068   0.08570772 -1.01148576  0.73654972
  0.29771682  0.29771682  0.44550431 -0.69928036 -0.01021917 -0.01021917
 -0.48121221  0.23522286  0.23522286 -0.52282222  0.39307378  0.39307378
 -1.98750332  0.79596868  0.79596868  0.79596868 -0.69928036]
message    Optimization terminated successfully.
jac    [ -3.57627869e-07  -1.35594746e-07   9.07341018e-07  -4.12517693e-07
   0.00000000e+00   0.00000000e+00  -9.52859409e-08  -5.26779331e-09
   1.85682438e-07  -9.13860276e-08   3.28174792e-07  -8.92905518e-08
  -1.67463440e-07   0.00000000e+00   6.05476089e-07   5.00585884e-09
  -1.95956090e-07   0.00000000e+00  -3.23634595e-07   7.97444955e-08
   0.00000000e+00  -4.44444595e-07   1.38126779e-07   0.00000000e+00
   1.13679562e-07  -8.99308361e-09   0.00000000e+00   0.00000000e+00
   0.00000000e+00]
nit    96

0.621488574345
-0.47551882575
-0.727918929732
0.193983060379
0.193983060379
0.193983060379
-0.703603683134
0.444024726564
0.173906801325
0.0857077247671
-1.01148576284
0.736549716825
0.297716824858
0.297716824858
0.445504313551
-0.699280362245
-0.0102191698097
-0.0102191698097
-0.481212205778
0.235222857316
0.235222857316
-0.522822221135
0.39307377962
0.39307377962
-1.98750331687
0.795968682417
0.795968682417
0.795968682417
-0.699280362245
