status    0
success    True
njev    81
nfev    2592
fun    0.00104238382751
x    [ 1.04283467  1.04283467 -2.75534465  0.97292114 -0.49437112  0.55066754
 -0.71587467  0.92375458  0.39325636  0.39325636 -0.32820632 -0.46278549
  0.24687323  0.24687323 -0.56601663  0.28652577  0.28652577 -0.14907556
  0.23531309  0.23531309 -0.74314245  0.45262247  0.45262247  0.45262247
 -0.75843993  0.40811591 -0.00930284  0.11987562  0.11987562  0.11987562]
message    Optimization terminated successfully.
jac    [  1.73762965e-06   0.00000000e+00  -1.49419066e-07   1.63023651e-06
   1.50008418e-06   5.79268089e-07   3.59579280e-06   1.63493678e-06
   4.56551788e-07   0.00000000e+00   2.47546996e-06   2.06851109e-06
  -1.54631562e-06   0.00000000e+00  -2.55808118e-07  -6.59623765e-07
   0.00000000e+00  -6.98583608e-06  -1.17346644e-07   0.00000000e+00
  -2.51994061e-06  -3.35213554e-06   0.00000000e+00   0.00000000e+00
   6.77275239e-07  -3.90326022e-07  -2.30505248e-06   2.02137744e-06
   0.00000000e+00   0.00000000e+00]
nit    81

1.04283467251
1.04283467251
-2.75534465191
0.97292113682
-0.494371119836
0.550667543604
-0.715874674422
0.923754576397
0.39325636407
0.39325636407
-0.328206321107
-0.462785487232
0.246873225931
0.246873225931
-0.566016628119
0.286525766743
0.286525766743
-0.149075557125
0.235313089339
0.235313089339
-0.74314244976
0.452622465167
0.452622465167
0.452622465167
-0.758439927914
0.408115908942
-0.00930284160265
0.119875620192
0.119875620192
0.119875620192
