status    0
success    True
njev    79
nfev    2450
fun    0.000707469449556
x    [ 0.31837102 -0.78810448  0.32383077  0.22439893  0.03664009 -0.40385119
  0.49751183  0.15969313  0.15969313 -0.09412585 -0.47885325  0.13702637
  0.13702637 -0.81757825  0.31131468  0.31131468  0.14779439  0.1449162
  0.1449162  -0.78353072  0.43719864  0.43719864  0.43719864 -0.4662678
  0.28200018 -0.11041523  0.09822762  0.09822762  0.09822762]
message    Optimization terminated successfully.
jac    [ -2.89583113e-09   1.99936039e-07   3.06317816e-08  -6.76496711e-07
   3.77789547e-07  -1.91799336e-06   2.61366949e-07   6.14934834e-07
   7.27595761e-12  -2.98889063e-07   4.86033969e-09   2.31179001e-07
   7.27595761e-12  -2.08034180e-07  -2.71757017e-08   7.27595761e-12
   2.32331513e-06  -7.46003934e-07   7.27595761e-12   1.19529432e-07
  -1.69253326e-07   7.27595761e-12   7.27595761e-12   2.91205652e-07
   1.75416062e-07  -8.44716851e-07   3.82919097e-07   7.27595761e-12
   7.27595761e-12]
nit    79

0.318371022491
-0.78810447648
0.32383076983
0.224398932413
0.0366400860927
-0.403851185427
0.497511825417
0.159693129066
0.159693129066
-0.0941258485982
-0.478853252138
0.137026373577
0.137026373577
-0.817578245226
0.311314682881
0.311314682881
0.147794388375
0.144916202241
0.144916202241
-0.783530716627
0.43719864145
0.43719864145
0.43719864145
-0.466267801627
0.282000183718
-0.110415231044
0.0982276163175
0.0982276163175
0.0982276163175
