status    0
success    True
njev    79
nfev    2529
fun    0.000763164680719
x    [ 0.35409162 -0.42421205 -0.29122461  0.12044835  0.12044835  0.12044835
 -0.44743323  0.22771505  0.57564018 -0.03199928 -0.5860624   0.56783823
  0.20246779  0.20246779 -0.21878305 -0.51075175  0.18151149  0.18151149
 -0.81164284  0.32888309  0.32888309  0.08609436  0.16688214  0.16688214
 -0.79627881  0.44552928  0.44552928  0.44552928 -0.59847973  0.44806642]
message    Optimization terminated successfully.
jac    [  5.54995495e-07   1.44180376e-07  -1.25207589e-06   5.57709427e-07
  -7.27595761e-12  -7.27595761e-12   2.91969627e-07   5.31144906e-10
  -1.30057015e-06   1.75576133e-07   2.78234074e-06   8.09253834e-07
  -8.09050107e-07  -7.27595761e-12   1.35821028e-06  -1.85980753e-07
  -4.07046173e-07  -7.27595761e-12  -1.99930946e-06   5.20230969e-07
  -7.27595761e-12   9.48210072e-07   6.35845936e-08  -7.27595761e-12
  -2.90798198e-06   8.23551090e-07  -7.27595761e-12  -7.27595761e-12
  -1.29148248e-07   7.63247954e-08]
nit    79

0.354091618833
-0.424212052729
-0.291224606269
0.120448346722
0.120448346722
0.120448346722
-0.447433230253
0.227715045053
0.575640181695
-0.0319992751536
-0.586062398079
0.567838231789
0.202467788116
0.202467788116
-0.218783054781
-0.510751750651
0.181511494264
0.181511494264
-0.811642843227
0.328883086288
0.328883086288
0.0860943631523
0.166882136656
0.166882136656
-0.796278805086
0.445529278531
0.445529278531
0.445529278531
-0.598479728586
0.448066417885
