status    0
success    True
njev    77
nfev    2390
fun    0.000488329324678
x    [ 0.74628769 -0.55262948 -0.47603481  0.13224521  0.13224521  0.13224521
 -0.65882914  0.30790892  0.01885252  0.05771336  0.58042376  0.70873171
 -0.11212937 -0.11212937 -0.71365909 -0.53665109  0.23098844  0.23098844
  0.04302393 -1.03488911  0.32988536  0.32988536  0.32988536 -0.62304666
  0.33118069 -0.12247797  0.09999498  0.09999498  0.09999498]
message    Optimization terminated successfully.
jac    [  9.47540684e-07  -2.10602593e-07  -4.11120709e-07   1.16386218e-07
   0.00000000e+00   0.00000000e+00  -1.22519850e-07   7.05163984e-07
  -4.97602741e-08   9.99563781e-07  -5.31030673e-06   1.46979437e-06
   2.47226126e-06   0.00000000e+00  -3.21961852e-06   2.04025127e-07
   1.89339335e-06   0.00000000e+00   1.54266309e-06  -1.34486618e-06
   8.40045686e-07   0.00000000e+00   0.00000000e+00  -9.26520443e-07
   4.89439117e-07  -7.06495484e-09   1.16204319e-07   0.00000000e+00
   0.00000000e+00]
nit    77

0.746287688338
-0.552629476654
-0.476034808916
0.132245205307
0.132245205307
0.132245205307
-0.658829138925
0.307908920303
0.0188525213321
0.0577133575789
0.580423758386
0.708731712996
-0.112129373318
-0.112129373318
-0.713659086164
-0.536651090441
0.230988437116
0.230988437116
0.0430239339263
-1.03488910529
0.329885362901
0.329885362901
0.329885362901
-0.623046662494
0.331180690109
-0.122477972302
0.0999949753329
0.0999949753329
0.0999949753329
