status    0
success    True
njev    80
nfev    2080
fun    0.00203416488787
x    [ 0.75427496 -0.56354485 -0.7955456   0.20160516  0.20160516  0.20160516
 -0.88879572  0.32097779  0.89166003 -0.30016163  0.78122032  0.6810806
 -0.30249837 -0.30249837 -0.19510787 -0.78221755  0.03603633  0.03603633
 -0.14774178 -0.87040663  0.27487803  0.27487803  0.27487803 -0.78221755]
message    Optimization terminated successfully.
jac    [ -3.34111974e-08  -1.85973477e-08   9.87492967e-08  -4.48490027e-08
   0.00000000e+00   0.00000000e+00   9.16188583e-08   1.21886842e-07
   4.62081516e-07   1.39931217e-07  -1.52050052e-06   2.12166924e-08
   6.07396942e-07   0.00000000e+00   4.33647074e-08   1.37632014e-07
   2.33354513e-07   0.00000000e+00   3.99944838e-07  -1.16691808e-06
   4.53990651e-07   0.00000000e+00   0.00000000e+00   0.00000000e+00]
nit    80

0.754274957309
-0.563544846822
-0.795545604046
0.20160516452
0.20160516452
0.20160516452
-0.888795718867
0.320977786991
0.891660033464
-0.300161630479
0.781220316656
0.681080604835
-0.302498372938
-0.302498372938
-0.19510786936
-0.782217554314
0.036036327255
0.036036327255
-0.147741778525
-0.870406631404
0.274878028894
0.274878028894
0.274878028894
-0.782217554314
