status    0
success    True
njev    80
nfev    2080
fun    0.00182192533116
x    [ 0.28163853 -0.80528637  0.31891103  0.11355913 -0.00171     0.83755432
  0.43264816 -0.19154394 -0.19154394 -0.74640222 -0.47699386  0.22422884
  0.22422884  0.02118169 -0.98941237  0.31631405  0.31631405  0.31631405
 -0.37975226  0.26090357 -0.22229011  0.11371294  0.11371294  0.11371294]
message    Optimization terminated successfully.
jac    [  5.13682608e-09  -4.52273525e-08   2.96859071e-08   3.46451998e-07
  -1.08673703e-07   2.44326657e-08  -6.13217708e-08  -3.05590220e-08
   0.00000000e+00   1.68496626e-07   7.48405000e-08  -1.37981260e-07
   0.00000000e+00  -8.25530151e-08  -1.26601662e-07  -2.77650543e-08
   0.00000000e+00   0.00000000e+00   2.16212356e-07   3.37604433e-08
  -4.57032002e-07   2.09009158e-07   0.00000000e+00   0.00000000e+00]
nit    80

0.281638530542
-0.805286372
0.31891103127
0.11355913355
-0.00170999560923
0.837554315026
0.432648161258
-0.191543940429
-0.191543940429
-0.7464022188
-0.476993860969
0.224228836904
0.224228836904
0.0211816905346
-0.989412365004
0.316314052416
0.316314052416
0.316314052416
-0.379752264778
0.260903565395
-0.222290108218
0.113712935867
0.113712935867
0.113712935867
