status    0
success    True
njev    85
nfev    2295
fun    0.00182647723081
x    [ 0.68711659  0.68711659 -1.58075158  0.62616569 -0.43626433  0.39527249
 -0.06303937  0.84145836  0.21237995  0.21237995 -1.24963511 -0.47394726
  0.46176257  0.46176257  0.25614702 -1.22662756  0.39623448  0.39623448
  0.39623448 -0.65274268  0.32518299  0.22368299  0.03462557  0.03462557
  0.03462557]
message    Optimization terminated successfully.
jac    [ -8.97271093e-08  -1.45519152e-11   4.85408236e-07  -1.10201654e-07
   2.56055500e-07  -9.47329681e-08   1.21261110e-07  -5.41185727e-08
  -1.19034667e-08  -1.45519152e-11  -4.85000783e-07   2.25263648e-08
   1.58150215e-07  -1.45519152e-11   1.48182153e-07  -3.74842784e-07
   6.13654265e-08  -1.45519152e-11  -1.45519152e-11   7.80564733e-08
   3.10101314e-08  -1.89160346e-07   8.19272827e-08  -1.45519152e-11
  -1.45519152e-11]
nit    85

0.687116588982
0.687116588982
-1.58075158482
0.626165686947
-0.436264327626
0.395272492258
-0.0630393722388
0.841458361616
0.212379946728
0.212379946728
-1.24963510614
-0.473947258567
0.461762574917
0.461762574917
0.256147020698
-1.22662756229
0.396234476301
0.396234476301
0.396234476301
-0.652742681252
0.325182985856
0.223682989284
0.034625568704
0.034625568704
0.034625568704
