status    0
success    True
njev    82
nfev    2543
fun    0.000501996926558
x    [ 0.4511037  -0.48334237 -0.14953002  0.06058956  0.06058956  0.06058956
 -0.46394222  0.23555787  0.09881867  0.01716793  0.54948704  0.75329959
 -0.11370263 -0.11370263 -0.71412966 -0.55867618  0.2303491   0.2303491
  0.04186753 -1.0264689   0.32756238  0.32756238  0.32756238 -0.67676975
  0.34905263 -0.16585659  0.11487065  0.11487065  0.11487065]
message    Optimization terminated successfully.
jac    [  2.17907655e-07  -4.01196303e-08  -5.07578079e-07   3.36884113e-07
   0.00000000e+00   0.00000000e+00  -1.60762283e-07   9.11968527e-08
   1.02347258e-06  -2.86570867e-07  -1.60578202e-06   1.81260839e-06
   4.46765625e-07   0.00000000e+00  -1.89235288e-06  -4.95005224e-07
   6.40742655e-07   0.00000000e+00   3.41104169e-07   1.04468927e-06
   2.89983291e-07   0.00000000e+00   0.00000000e+00  -1.68468250e-06
   7.71637133e-07  -6.53461029e-07   4.92647814e-07   0.00000000e+00
   0.00000000e+00]
nit    82

0.451103699451
-0.483342370648
-0.149530022493
0.0605895645633
0.0605895645633
0.0605895645633
-0.463942224103
0.235557870055
0.0988186730237
0.0171679299698
0.549487043323
0.753299588831
-0.1137026268
-0.1137026268
-0.714129660742
-0.558676179537
0.230349102888
0.230349102888
0.0418675292845
-1.02646890096
0.327562384694
0.327562384694
0.327562384694
-0.676769753903
0.349052631748
-0.165856589605
0.114870645451
0.114870645451
0.114870645451
