status    0
success    True
njev    78
nfev    2108
fun    0.000410606675589
x    [ 0.42429293 -0.45373848 -0.20768506  0.07904353  0.07904353  0.07904353
 -0.47192739  0.24676796  0.26784392 -0.00625452  0.61024854  0.54315848
 -0.13259259 -0.13259259 -0.73810986 -0.50715543  0.2324487   0.2324487
  0.03800315 -0.97317081  0.31348533  0.31348533  0.31348533 -0.56874461
  0.41917236]
message    Optimization terminated successfully.
jac    [ -1.81308133e-06  -4.35583206e-06   2.29847501e-08   6.15521640e-06
   0.00000000e+00   0.00000000e+00   1.90253195e-06   4.43632234e-06
   2.94498386e-06  -2.68803342e-06  -2.97950464e-08  -1.09402754e-06
   9.18807928e-07   0.00000000e+00  -1.76903268e-06  -1.87443220e-07
  -3.73305738e-06   0.00000000e+00  -1.18102616e-06   1.25090446e-06
   1.92533480e-06   0.00000000e+00   0.00000000e+00  -1.21601261e-06
  -1.34866423e-06]
nit    78

0.424292933661
-0.45373848282
-0.207685055517
0.0790435348918
0.0790435348918
0.0790435348918
-0.47192738506
0.246767958944
0.267843918761
-0.0062545206792
0.610248539562
0.543158478697
-0.132592585773
-0.132592585773
-0.738109857329
-0.507155430573
0.232448701143
0.232448701143
0.0380031479024
-0.973170805893
0.313485325009
0.313485325009
0.313485325009
-0.56874460781
0.419172357708
