status    0
success    True
njev    94
nfev    3199
fun    0.000423007421252
x    [ 0.72709364 -0.54510658 -0.5051211   0.14255603  0.14255603  0.14255603
 -0.69133059  0.30347883  0.37271386  0.00394272 -0.37076178  0.61900865
  0.09754187  0.09754187  0.28525916 -0.51509024 -0.24042377 -0.24042377
  0.13865537 -0.12223883 -0.12223883  0.13865537  0.14197537 -0.18642128
  0.14197537  0.14818066 -0.62820547  0.33721675 -0.11657467  0.10100978
  0.10100978  0.10100978]
message    Optimization terminated successfully.
jac    [  3.06390575e-08  -3.01370164e-08   4.27266059e-07  -1.08171662e-07
   0.00000000e+00   0.00000000e+00  -1.68147380e-07   5.93863660e-08
   3.98613338e-08  -9.82108759e-08   2.14851389e-06   1.22363417e-07
  -4.82948963e-07   0.00000000e+00  -1.53419387e-06  -8.07631295e-09
   4.64056939e-07   0.00000000e+00  -1.58972398e-07   1.19752804e-06
   0.00000000e+00   0.00000000e+00  -2.65681592e-07  -1.80306597e-06
   0.00000000e+00   5.69223630e-07  -9.05856723e-09   8.98580765e-09
  -2.66118150e-07   7.39892130e-08   0.00000000e+00   0.00000000e+00]
nit    94

0.727093638625
-0.54510658011
-0.505121097222
0.142556032505
0.142556032505
0.142556032505
-0.691330594807
0.303478827082
0.372713857447
0.00394271825241
-0.370761780216
0.619008654045
0.0975418680926
0.0975418680926
0.285259156613
-0.515090236364
-0.240423769533
-0.240423769533
0.138655374732
-0.122238830683
-0.122238830683
0.138655374732
0.141975366707
-0.186421282152
0.141975366707
0.148180661469
-0.628205467955
0.33721674604
-0.116574667765
0.101009776958
0.101009776958
0.101009776958
