status    0
success    True
njev    87
nfev    2525
fun    0.000619536461114
x    [ 0.75864275 -0.56197565 -0.83146498  0.21159929  0.21159929  0.21159929
 -0.89176331  0.31603366  1.18492444 -0.32227318 -0.31854932  0.54205852
 -0.03275351 -0.03275351  0.45686121 -0.7313227  -0.28925811 -0.28925811
  0.14467997 -0.21602471 -0.21602471  0.14467997  0.15704896 -0.15539334
  0.15704896  0.12336149 -0.7313227 ]
message    Optimization terminated successfully.
jac    [  2.76108040e-07   1.08666427e-07  -7.07004801e-07   3.28072929e-07
   0.00000000e+00   0.00000000e+00  -1.88018021e-07   5.18775778e-09
   9.59567842e-07  -3.41613486e-07   7.56903319e-07  -1.47199898e-07
  -1.69886334e-07   0.00000000e+00  -1.49566768e-06   1.26165105e-08
   1.12951238e-06   0.00000000e+00  -2.48481228e-07  -1.78333721e-07
   0.00000000e+00   0.00000000e+00   1.29948603e-08  -2.27744749e-07
   0.00000000e+00   1.96676410e-07   0.00000000e+00]
nit    87

0.758642748789
-0.561975652522
-0.831464977758
0.21159929383
0.21159929383
0.21159929383
-0.891763309212
0.316033656271
1.18492444119
-0.322273178131
-0.318549317498
0.542058517883
-0.0327535127406
-0.0327535127406
0.456861214551
-0.731322696929
-0.289258108169
-0.289258108169
0.144679974758
-0.216024705569
-0.216024705569
0.144679974758
0.157048959272
-0.155393340836
0.157048959272
0.123361494539
-0.731322696929
