status    0
success    True
njev    96
nfev    2881
fun    0.000767266421319
x    [ 0.73612564  0.73612564 -1.79762451  0.69304145 -0.33522308  0.39697744
 -0.56578748  0.82201902  0.28341928  0.28341928  0.31555763 -0.48407569
 -0.31758002 -0.31758002  0.16709634 -0.02770316 -0.02770316  0.16709634
  0.14040491 -0.16780747  0.14040491  0.15939671 -0.62059514  0.29813129
  0.20783346  0.03821013  0.03821013  0.03821013]
message    Optimization terminated successfully.
jac    [  9.83927748e-08   7.27595761e-12  -4.32657544e-07   9.06948117e-08
   5.87489922e-07  -2.37618224e-07   1.67544204e-06  -1.43889338e-07
  -3.85043677e-07   7.27595761e-12  -2.31095328e-06   1.62472134e-08
   1.73739681e-06   7.27595761e-12  -3.65296728e-07  -6.35191100e-07
   7.27595761e-12   7.27595761e-12   8.18399712e-08   1.33775757e-07
   7.27595761e-12   1.58877810e-07  -2.61767127e-07  -1.52933353e-07
   7.73019565e-07  -3.54077201e-07   7.27595761e-12   7.27595761e-12]
nit    96

0.736125641872
0.736125641872
-1.79762451204
0.693041448911
-0.335223079577
0.396977437808
-0.565787480027
0.822019021067
0.283419276858
0.283419276858
0.315557629266
-0.48407568662
-0.317580015524
-0.317580015524
0.167096340639
-0.027703163813
-0.027703163813
0.167096340639
0.140404907401
-0.167807466901
0.140404907401
0.159396713244
-0.620595143253
0.298131292331
0.207833464397
0.0382101288418
0.0382101288418
0.0382101288418
