status    0
success    True
njev    67
nfev    1945
fun    0.000549657082487
x    [ 0.31023968 -0.80865198  0.31023968  0.20917913  0.01725764 -0.07624771
  0.4371411   0.02634174  0.02634174  0.20042322 -0.46061628 -0.24048608
 -0.24048608  0.14914633 -0.15264763 -0.15264763  0.14914633  0.14374209
 -0.11924542  0.14374209  0.12808801 -0.41732298  0.2711326  -0.12564898
  0.09061312  0.09061312  0.09061312]
message    Optimization terminated successfully.
jac    [ -3.25495785e-06  -6.84551196e-07   0.00000000e+00  -3.86925967e-06
   5.43332135e-07  -4.42114106e-06   9.88933607e-07   2.40742520e-06
   0.00000000e+00   2.03574746e-06   5.15865395e-07   5.95646270e-07
   0.00000000e+00   1.11026748e-06   6.89906301e-07   0.00000000e+00
   0.00000000e+00   1.45039667e-06   1.44160003e-06   0.00000000e+00
   5.40967449e-07  -1.04853098e-06  -1.03284401e-06   1.55799353e-06
   5.29340468e-07   0.00000000e+00   0.00000000e+00]
nit    67

0.310239684658
-0.808651977754
0.310239684658
0.209179125017
0.0172576360841
-0.0762477083036
0.437141096029
0.0263417428097
0.0263417428097
0.200423221662
-0.460616281581
-0.240486078166
-0.240486078166
0.149146331326
-0.152647625239
-0.152647625239
0.149146331326
0.143742094739
-0.119245421312
0.143742094739
0.128088009903
-0.41732297914
0.271132601397
-0.125648984699
0.0906131208141
0.0906131208141
0.0906131208141
