status    0
success    True
njev    91
nfev    2732
fun    0.00031090879245
x    [ 0.43759852 -0.45350421 -0.29447091  0.10345886  0.10345886  0.10345886
 -0.51639556  0.24891914  0.60918468 -0.04325153 -0.48054773  0.43667851
  0.11485675  0.11485675  0.37722998 -0.47785015 -0.29018803 -0.29018803
  0.14909197 -0.10858957 -0.10858957  0.14909197  0.14359519 -0.19510112
  0.14359519  0.15019349 -0.55413908  0.42754675]
message    Optimization terminated successfully.
jac    [ -3.39641701e-08  -2.97914085e-08   6.96963980e-08   5.76983439e-09
  -3.63797881e-12  -3.63797881e-12  -6.55418262e-08  -5.44969225e-09
   1.83248630e-07   6.91215973e-10  -1.05163053e-07  -6.42648956e-08
   1.01408659e-07  -3.63797881e-12   3.14466888e-07   4.64642653e-08
  -3.97096301e-07  -3.63797881e-12   7.27486622e-08   7.93428626e-07
  -3.63797881e-12  -3.63797881e-12  -9.49657988e-08  -7.89630576e-07
  -3.63797881e-12   2.50503945e-07  -1.51630957e-08  -6.86377462e-08]
nit    91

0.437598518921
-0.453504205345
-0.294470906579
0.103458864334
0.103458864334
0.103458864334
-0.516395559019
0.248919141995
0.609184681825
-0.0432515311747
-0.480547726619
0.436678507919
0.114856748745
0.114856748745
0.377229978933
-0.477850149283
-0.290188031504
-0.290188031504
0.149091974896
-0.108589566077
-0.108589566077
0.149091974896
0.143595185591
-0.195101124854
0.143595185591
0.150193492288
-0.554139081294
0.42754674598
