status    0
success    True
njev    75
nfev    2102
fun    0.000525684060967
x    [ 0.67740649 -0.5106131  -0.88218509  0.23517808  0.23517808  0.23517808
 -0.25036239 -0.04002449  0.52638446  0.06062287  0.06062287 -0.14566545
 -0.37341407 -0.0802648   0.27274794  0.09420658  0.09420658  0.10886261
  0.10886261 -0.43678532 -0.3962325   0.30449434 -0.38759163  0.16306242
  0.16306242  0.16306242]
message    Optimization terminated successfully.
jac    [  9.13933036e-08   1.36307790e-07  -7.55935616e-07   2.56077328e-07
   0.00000000e+00   0.00000000e+00   1.53411384e-06   2.13528256e-06
  -2.73134356e-06  -1.24899088e-07   0.00000000e+00  -4.24241443e-06
  -1.21392804e-06   1.09259418e-06   5.74371370e-07   1.53872679e-06
   0.00000000e+00   1.19154720e-06   0.00000000e+00   2.89714080e-07
   8.36706022e-07  -1.54352165e-07  -4.71882231e-07   1.65884558e-07
   0.00000000e+00   0.00000000e+00]
nit    75

0.677406491547
-0.510613103561
-0.882185091173
0.235178081647
0.235178081647
0.235178081647
-0.250362393521
-0.0400244941546
0.526384462555
0.060622867558
0.060622867558
-0.145665450002
-0.373414067036
-0.0802648047318
0.272747943557
0.0942065816105
0.0942065816105
0.108862613048
0.108862613048
-0.4367853211
-0.396232499199
0.304494343838
-0.387591632176
0.163062415261
0.163062415261
0.163062415261
