status    0
success    True
njev    60
nfev    1682
fun    0.000523566625561
x    [ 0.56253115 -0.47878174 -0.74067662  0.20219219  0.20219219  0.20219219
 -0.18982948  0.02484409  0.47000167  0.03745383  0.03745383 -0.18735724
 -0.28669778 -0.07339776  0.29227415  0.09599019  0.09599019  0.08704134
  0.08704134 -0.44045771 -0.43826612  0.31467423 -0.30431741  0.14263644
  0.14263644  0.14263644]
message    Optimization terminated successfully.
jac    [ -5.69110853e-07   2.87327566e-08   1.79265044e-06  -6.70406735e-07
   0.00000000e+00   0.00000000e+00  -1.21411722e-06   2.76264473e-06
  -8.22183210e-07  -8.25333700e-07   0.00000000e+00  -3.30543844e-06
   4.73824184e-06  -7.84930307e-08  -3.57766112e-07   3.11752956e-07
   0.00000000e+00  -1.52217399e-06   0.00000000e+00  -1.58048351e-07
  -1.46452658e-06  -4.92407707e-07   3.58963007e-06  -1.62619108e-06
   0.00000000e+00   0.00000000e+00]
nit    60

0.562531148789
-0.478781737843
-0.740676615103
0.202192185278
0.202192185278
0.202192185278
-0.189829484325
0.0248440894929
0.470001665535
0.0374538290958
0.0374538290958
-0.187357244176
-0.286697779212
-0.0733977602472
0.292274150311
0.0959901935753
0.0959901935753
0.0870413375505
0.0870413375505
-0.440457709498
-0.438266123723
0.314674225195
-0.304317406878
0.142636435136
0.142636435136
0.142636435136
