status    0
success    True
njev    75
nfev    1725
fun    0.000588409541203
x    [ 0.918028   -0.64230885 -1.09509762  0.27312616  0.27312616  0.27312616
 -0.50247684 -0.65992586  0.93979352  0.21216409  0.21216409  0.41496121
 -0.15600895 -0.31393948  0.67307738 -0.08896997 -0.08896997 -0.04755128
 -0.04755128 -0.77338332 -0.77338332]
message    Optimization terminated successfully.
jac    [  6.96039933e-07   3.74056981e-07  -2.00167415e-06   9.39064194e-07
   0.00000000e+00   0.00000000e+00  -5.86289389e-07   2.27493729e-06
  -1.94755557e-07  -7.87185854e-07   0.00000000e+00  -1.98073394e-07
   1.19107426e-07  -8.13743100e-08  -6.44286047e-08  -2.00074282e-07
   0.00000000e+00  -1.46879756e-07   0.00000000e+00  -8.03120201e-08
   0.00000000e+00]
nit    75

0.91802799943
-0.642308851176
-1.09509762441
0.273126158719
0.273126158719
0.273126158719
-0.502476835631
-0.65992586015
0.939793520813
0.212164085242
0.212164085242
0.414961205077
-0.156008954534
-0.313939482137
0.673077377504
-0.0889699716441
-0.0889699716441
-0.0475512812265
-0.0475512812265
-0.773383317843
-0.773383317843
