status    0
success    True
njev    64
nfev    1537
fun    0.000579404325285
x    [ 0.51142966  0.51142966 -1.01655226  0.30497694  0.04394964  0.05790326
  0.05790326 -0.15989092  0.03704033  0.1644112   0.64003733  0.10094107
  0.10094107  0.05721763  0.05721763 -0.4689555  -0.64369231  0.33056514
  0.1126115   0.06683856  0.06683856  0.06683856]
message    Optimization terminated successfully.
jac    [  5.17611625e-08   0.00000000e+00   9.98988980e-09  -6.73971954e-07
   8.78848368e-07   2.50758603e-07   0.00000000e+00   3.44349246e-07
  -6.39687642e-07  -2.10391590e-07  -1.91321305e-07   1.47119863e-08
   0.00000000e+00   1.70417479e-07   0.00000000e+00   5.32236299e-08
  -6.57892087e-08   2.82307155e-09   1.04548235e-07  -3.49609763e-08
   0.00000000e+00   0.00000000e+00]
nit    64

0.511429660886
0.511429660886
-1.01655225515
0.304976941486
0.043949636015
0.0579032606907
0.0579032606907
-0.159890918998
0.0370403325199
0.16441120308
0.64003733263
0.100941067395
0.100941067395
0.0572176255858
0.0572176255858
-0.468955500699
-0.643692313521
0.330565143977
0.112611497575
0.066838557323
0.066838557323
0.066838557323
