status    0
success    True
njev    76
nfev    1748
fun    0.000814684092374
x    [ 0.0937191  -0.11223232 -0.08867862 -0.59374256  0.03870923  0.03870923
 -0.13327397 -0.49117612  0.34077521  0.71095256  0.10714326  0.10714326
  0.23158362  0.23158362 -0.48121552 -0.38261835  0.24513061 -0.07102434
  0.06950403  0.06950403  0.06950403]
message    Optimization terminated successfully.
jac    [ -7.43384589e-08  -7.86021701e-08   2.31128070e-07   1.69529812e-08
   4.55038389e-08   0.00000000e+00   1.18474418e-07  -2.43329850e-07
  -1.15353032e-07  -1.48225809e-07   2.66321877e-07   0.00000000e+00
   1.79243216e-07   0.00000000e+00  -1.61242497e-07  -5.28671080e-08
   2.12021405e-08   1.29039108e-07  -9.27102519e-08   0.00000000e+00
   0.00000000e+00]
nit    76

0.0937191006902
-0.112232324746
-0.0886786167454
-0.593742559096
0.0387092322716
0.0387092322716
-0.133273970864
-0.491176121735
0.340775208285
0.710952563693
0.107143261543
0.107143261543
0.231583624405
0.231583624405
-0.481215515921
-0.382618350733
0.24513060557
-0.0710243413899
0.0695040288511
0.0695040288511
0.0695040288511
