status    0
success    True
njev    59
nfev    1418
fun    0.00025596581099
x    [ 0.63340326 -0.5275232  -0.70059657  0.19823884  0.19823884  0.19823884
 -0.23606704  0.02266336  0.13480616  0.01661051  0.01661051  0.18650426
  0.050109    0.01257426  0.53295028 -0.04340062 -0.04340062 -0.00930615
 -0.00930615 -0.49207415 -0.56212797  0.42285435]
message    Optimization terminated successfully.
jac    [  8.11887730e-08  -1.24855433e-08  -1.91685103e-07   1.39832991e-07
   0.00000000e+00   0.00000000e+00  -2.54927727e-07   1.18957541e-06
  -3.21851985e-07  -6.99219527e-07   0.00000000e+00   3.99965575e-06
  -3.73639341e-06   2.85130227e-07  -5.34892024e-08  -1.17454692e-06
   0.00000000e+00   8.44931492e-07   0.00000000e+00   6.09506969e-08
   1.45195372e-07  -1.45209924e-07]
nit    59

0.633403259441
-0.527523196634
-0.700596574056
0.198238837083
0.198238837083
0.198238837083
-0.23606703576
0.0226633621841
0.134806156325
0.0166105085939
0.0166105085939
0.186504255754
0.0501090045043
0.0125742597413
0.532950277345
-0.0434006156633
-0.0434006156633
-0.00930614826639
-0.00930614826639
-0.492074148913
-0.562127972384
0.422854351875
