status    0
success    True
njev    64
nfev    1601
fun    0.000462856816029
x    [ 0.72989059 -0.55021482 -0.47678354  0.13136029  0.13136029  0.13136029
 -0.51984215  0.29453013 -0.20693114  0.1430666   0.2560237   0.7511833
 -0.00418778 -0.00418778 -0.55305246 -0.52765488  0.37105248 -0.62080128
  0.34414825 -0.09936997  0.09301663  0.09301663  0.09301663]
message    Optimization terminated successfully.
jac    [  2.67398718e-07  -5.45187504e-08  -1.01669139e-06   1.48123945e-07
   0.00000000e+00   0.00000000e+00  -4.97529982e-08  -7.21047400e-08
  -3.09155439e-07  -7.57354428e-08   1.35937080e-06   2.21261871e-08
  -3.82471626e-07   0.00000000e+00  -3.47106834e-07  -7.40437827e-08
  -4.07453626e-08  -2.54549377e-07  -5.05679054e-10   1.33513822e-06
  -2.79436790e-07   0.00000000e+00   0.00000000e+00]
nit    64

0.729890590732
-0.550214818564
-0.476783536365
0.131360288664
0.131360288664
0.131360288664
-0.519842148017
0.294530131826
-0.206931143843
0.143066598668
0.256023697773
0.751183298172
-0.0041877838517
-0.0041877838517
-0.55305246334
-0.527654878856
0.37105247532
-0.620801276454
0.34414824654
-0.0993699720932
0.0930166334042
0.0930166334042
0.0930166334042
