status    0
success    True
njev    65
nfev    1626
fun    0.000471934692963
x    [ 0.7456787  -0.55018214 -0.50373622  0.13813773  0.13813773  0.13813773
 -0.54109681  0.30304598 -0.15721129  0.14462628  0.26945909  0.53871562
 -0.00853972 -0.00853972 -0.55987441 -0.46228975  0.3755312  -0.44747338
  0.28538409 -0.04506735  0.06905221  0.06905221  0.06905221]
message    Optimization terminated successfully.
jac    [  4.88471414e-08  -5.45260264e-08  -1.14705472e-08  -1.00513716e-07
  -3.63797881e-12  -3.63797881e-12   6.08168193e-07  -7.73216016e-08
  -2.83775807e-06   6.48658897e-07   2.48556898e-06   5.74997102e-07
  -5.70304110e-07  -3.63797881e-12  -3.64580046e-07  -1.29297405e-07
  -1.10900146e-07  -9.15533747e-08  -8.74279067e-08   5.16905857e-07
  -3.30568582e-07  -3.63797881e-12  -3.63797881e-12]
nit    65

0.74567869553
-0.550182138911
-0.503736221356
0.138137727784
0.138137727784
0.138137727784
-0.541096808849
0.303045981055
-0.157211291687
0.144626281605
0.269459094835
0.538715622506
-0.00853971978056
-0.00853971978056
-0.559874411272
-0.462289751619
0.375531204371
-0.447473379846
0.285384093027
-0.0450673527353
0.069052213185
0.069052213185
0.069052213185
