status    0
success    True
njev    65
nfev    1300
fun    0.000674114388868
x    [ 0.82398954 -0.58418527 -0.99068817  0.25029463  0.25029463  0.25029463
 -0.72259815  0.30486899  0.51291461 -0.12108537  0.13513856  0.71979972
 -0.03195595 -0.03195595 -0.59172696 -0.75802969  0.34265988 -0.75802969]
message    Optimization terminated successfully.
jac    [ -2.67616997e-07  -1.06243533e-07   7.29472958e-07  -3.48831236e-07
   0.00000000e+00   0.00000000e+00   1.63199729e-08   7.28468876e-08
   6.56553311e-07   3.28582246e-08  -1.73222361e-06  -1.49411790e-07
   5.43521310e-07   0.00000000e+00   4.26218321e-07   1.11605914e-07
   5.15574357e-08   0.00000000e+00]
nit    65

0.82398953513
-0.584185272092
-0.990688167114
0.250294634692
0.250294634692
0.250294634692
-0.722598152285
0.304868988027
0.512914613196
-0.121085370446
0.13513856047
0.719799716395
-0.0319559471931
-0.0319559471931
-0.591726955959
-0.75802969295
0.342659880889
-0.75802969295
