status    0
success    True
njev    55
nfev    1101
fun    0.000635722583723
x    [ 0.29738117 -0.76653644  0.30903142  0.11309291  0.03718802  0.30981107
  0.45904821 -0.04041501 -0.04041501 -0.58548309 -0.46596257  0.37325932
 -0.40067215  0.28356031 -0.25775368  0.12495518  0.12495518  0.12495518]
message    Optimization terminated successfully.
jac    [  2.70345481e-07   5.57425665e-07   1.58375769e-07  -2.03386298e-06
   6.94184564e-07  -1.88950798e-06   7.78658432e-07   6.53380994e-07
   0.00000000e+00   8.66057235e-07  -4.78030415e-08   2.53858161e-08
   1.86194666e-06   6.27936970e-07  -4.73899854e-06   2.25578697e-06
   0.00000000e+00   0.00000000e+00]
nit    55

0.297381166249
-0.766536436388
0.309031424522
0.113092911977
0.0371880166467
0.309811067381
0.459048210503
-0.0404150086856
-0.0404150086856
-0.585483091977
-0.465962566606
0.373259315064
-0.400672154771
0.283560308474
-0.257753683003
0.124955176433
0.124955176433
0.124955176433
