status    0
success    True
njev    63
nfev    1324
fun    0.000719215345833
x    [ 0.66813669  0.66813669 -1.54799452  0.60662937 -0.15510488  0.28238263
  0.04054421  0.80818561  0.10790324  0.10790324 -0.50905865 -0.49559153
  0.41792789 -0.66331142  0.33495243  0.16199074  0.05545609  0.05545609
  0.05545609]
message    Optimization terminated successfully.
jac    [ -1.37482130e-06  -7.27595761e-12  -9.01505700e-07  -1.75966125e-06
   2.88774027e-06   6.12683652e-06  -4.15245449e-06   2.36756750e-06
  -1.07654341e-06  -7.27595761e-12  -1.29628461e-07   4.42916644e-07
  -2.39400106e-06   3.73511284e-07   1.98002817e-06  -1.84345845e-06
  -5.04194759e-07  -7.27595761e-12  -7.27595761e-12]
nit    63

0.668136694796
0.668136694796
-1.54799451784
0.60662937178
-0.155104879445
0.28238263342
0.0405442094505
0.808185610486
0.107903235658
0.107903235658
-0.509058651916
-0.495591527238
0.417927890399
-0.663311423756
0.334952427575
0.16199073748
0.055456086234
0.055456086234
0.055456086234
