status    0
success    True
njev    71
nfev    1491
fun    0.000385604009897
x    [ 0.44659076 -0.46376082 -0.22809575  0.08175527  0.08175527  0.08175527
 -0.34536211  0.2371858  -0.01451548  0.1033068   0.27960059  0.55568378
 -0.01818473 -0.01818473 -0.56841254 -0.47415461  0.37981658 -0.52062494
  0.40384558]
message    Optimization terminated successfully.
jac    [ -2.26391421e-07  -6.18238118e-08   5.05729986e-07  -2.05694960e-07
   0.00000000e+00   0.00000000e+00  -3.11647455e-07   2.24936230e-08
   1.17292075e-06  -3.23623681e-07  -1.96665496e-07  -3.06430593e-07
  -2.19624781e-08   0.00000000e+00  -5.57702151e-08   2.50038283e-08
   4.66570782e-08  -2.85399437e-08   3.82824510e-08]
nit    71

0.446590763966
-0.463760819878
-0.228095747139
0.0817552676838
0.0817552676838
0.0817552676838
-0.34536210576
0.237185797178
-0.0145154841281
0.10330679973
0.27960058604
0.555683783649
-0.0181847251098
-0.0181847251098
-0.568412535936
-0.474154610868
0.379816577869
-0.520624937798
0.403845580245
