status    0
success    True
njev    68
nfev    1700
fun    0.000490868427575
x    [ 0.46135803 -0.48361022 -0.16837372  0.06354197  0.06354197  0.06354197
 -0.36122944  0.23793242 -0.11451857  0.11274253  0.22093313  0.67322026
 -0.0039475  -0.0039475  -0.55236594 -0.50907408  0.37421193 -0.5773784
  0.32815837 -0.09007025  0.08844435  0.08844435  0.08844435]
message    Optimization terminated successfully.
jac    [ -1.32422429e-09   3.65544111e-08   1.76645699e-07  -2.03399395e-07
   0.00000000e+00   0.00000000e+00  -1.45992090e-07  -1.63578079e-07
  -3.89190973e-08  -6.18310878e-08  -5.16105501e-07   1.89684215e-08
   2.92202458e-08   0.00000000e+00   6.41812221e-08   6.55563781e-09
  -3.49828042e-08  -9.57807060e-08   7.51097105e-08   7.28738087e-07
   2.35617335e-07   0.00000000e+00   0.00000000e+00]
nit    68

0.461358030292
-0.483610224054
-0.168373723738
0.0635419725
0.0635419725
0.0635419725
-0.36122944263
0.237932422533
-0.114518571399
0.112742533289
0.22093313097
0.673220255975
-0.00394750328552
-0.00394750328552
-0.552365935099
-0.509074083343
0.374211932332
-0.577378395146
0.328158372217
-0.0900702527887
0.0884443465539
0.0884443465539
0.0884443465539
