status    0
success    True
njev    79
nfev    2214
fun    0.000417521332356
x    [ 0.75121722 -0.55533892 -0.53199868  0.14620805  0.14620805  0.14620805
 -0.56871295  0.29902419 -0.08650559  0.09693836  0.41305069  0.72207658
 -0.0509583  -0.30451361 -0.60885916 -0.52412959  0.07839058  0.07839058
  0.07839058  0.37741764 -0.6189061   0.34366974 -0.12965445  0.10079568
  0.10079568  0.10079568]
message    Optimization terminated successfully.
jac    [ -2.32241291e-07  -3.27672751e-08   5.14726707e-07  -2.17045454e-07
   7.27595761e-12   7.27595761e-12   2.25696567e-07  -5.47843229e-08
  -8.94655386e-07   2.82674591e-07  -1.07085361e-06   9.30194801e-08
   2.47764547e-07   1.54502050e-06   2.10518920e-07  -2.43671820e-08
  -4.23762685e-07   7.27595761e-12   7.27595761e-12  -7.96098902e-08
  -1.16720912e-07  -5.12081897e-08   4.52215318e-07  -1.64814992e-07
   7.27595761e-12   7.27595761e-12]
nit    79

0.751217224142
-0.555338920892
-0.531998680608
0.146208052885
0.146208052885
0.146208052885
-0.568712950191
0.299024186504
-0.0865055863927
0.096938359291
0.413050686746
0.722076576491
-0.0509582984085
-0.304513609632
-0.608859159376
-0.52412958941
0.0783905818747
0.0783905818747
0.0783905818747
0.377417638755
-0.618906104138
0.343669740437
-0.12965444848
0.100795676961
0.100795676961
0.100795676961
