status    0
success    True
njev    83
nfev    2325
fun    0.000431788004775
x    [ 0.74863258 -0.55058416 -0.54406216  0.15000167  0.15000167  0.15000167
 -0.58361439  0.30247346  0.00564495  0.08465992  0.42314773  0.48822149
 -0.06109182 -0.25438558 -0.62444153 -0.45644488  0.06252677  0.06252677
  0.06252677  0.38425905 -0.43127439  0.27932575 -0.08417801  0.07870888
  0.07870888  0.07870888]
message    Optimization terminated successfully.
jac    [ -6.72080205e-07   1.44827936e-08   1.33044887e-06  -5.35328581e-07
   0.00000000e+00   0.00000000e+00   3.84126906e-07  -1.95293978e-07
  -1.11644113e-06   3.79572157e-07  -2.07194171e-06   1.41284545e-07
   4.06009349e-07   2.74235208e-06   2.94061465e-07  -8.53106030e-08
  -6.33863237e-07   0.00000000e+00   0.00000000e+00  -2.24812538e-07
  -4.41650627e-07  -1.25000952e-07   9.57199518e-07  -3.82995495e-07
   0.00000000e+00   0.00000000e+00]
nit    83

0.748632577868
-0.550584156479
-0.544062156854
0.150001674957
0.150001674957
0.150001674957
-0.58361439238
0.302473458702
0.00564494982866
0.0846599187591
0.423147734918
0.488221492552
-0.0610918217492
-0.254385580496
-0.624441527067
-0.456444876982
0.062526768152
0.062526768152
0.062526768152
0.384259050055
-0.431274393935
0.279325751476
-0.0841780107498
0.0787088844029
0.0787088844029
0.0787088844029
