status    0
success    True
njev    65
nfev    1497
fun    0.000545061912243
x    [ 0.78067238 -0.5864401  -0.78520667  0.19699146  0.19699146  0.19699146
 -0.83000901  0.32276161  0.74813795 -0.22352176  0.59060917  0.64435444
 -0.21901967  0.05921106 -0.73674907 -0.75329796 -0.0642724  -0.0642724
 -0.0642724   0.34363838 -0.75329796]
message    Optimization terminated successfully.
jac    [ -2.43079558e-06  -1.69081613e-06   4.40656731e-06  -2.77133950e-07
  -2.91038305e-11  -2.91038305e-11   8.70444637e-07   2.25460826e-06
   4.60915180e-06  -6.29210263e-07  -1.61310891e-06  -9.80617187e-07
   2.41248927e-07  -3.13578494e-06   1.44498335e-06   5.20303729e-07
  -4.34061076e-06  -2.91038305e-11  -2.91038305e-11   8.19025445e-07
  -2.91038305e-11   0.00000000e+00]
nit    65

0.780672376035
-0.586440097891
-0.785206670427
0.196991464094
0.196991464094
0.196991464094
-0.830009009373
0.322761610282
0.748137952846
-0.223521757828
0.590609169153
0.644354444897
-0.219019671316
0.0592110590091
-0.736749066216
-0.753297962574
-0.0642723958205
-0.0642723958205
-0.0642723958205
0.343638381154
-0.753297962574
