status    0
success    True
njev    65
nfev    1495
fun    0.000570865607937
x    [ 0.29973094 -0.78188901  0.29973094  0.17512396 -0.00710588  0.5275394
  0.44080478 -0.12915587 -0.0539844  -0.66230974 -0.46935158 -0.00407062
 -0.00407062 -0.00407062  0.37307833 -0.39147431  0.26743621 -0.17634358
  0.10012722  0.10012722  0.10012722]
message    Optimization terminated successfully.
jac    [ -7.81728886e-08  -6.97298674e-07   0.00000000e+00   3.33638309e-06
  -9.80377081e-07  -9.93764843e-07  -8.60964064e-07   5.93936420e-08
   3.52716597e-07  -1.16269803e-07   8.65038601e-08  -8.14543455e-08
   0.00000000e+00   0.00000000e+00   3.72310751e-08  -1.38759788e-07
   3.09446477e-08   1.24360668e-07  -9.64791980e-09   0.00000000e+00
   0.00000000e+00]
nit    65

0.299730944408
-0.781889014318
0.299730944408
0.175123963737
-0.00710588450443
0.527539402036
0.440804777666
-0.129155870776
-0.0539844048154
-0.662309742533
-0.469351583946
-0.00407061974642
-0.00407061974642
-0.00407061974642
0.373078327879
-0.391474305487
0.267436214739
-0.176343575806
0.100127222185
0.100127222185
0.100127222185
