status    0
success    True
njev    77
nfev    1850
fun    0.000687246630208
x    [ 0.68453218  0.68453218 -1.54798356  0.6379382  -0.50509554  0.41504894
  0.07910434  0.91250291  0.18541701 -0.6186138  -0.49483047 -0.51701556
  0.21712603  0.21712603  0.21712603  0.43308507 -0.62686608  0.3015224
  0.24679932  0.02618145  0.02618145  0.02618145]
message    Optimization terminated successfully.
jac    [ -4.14147507e-08   7.27595761e-12  -1.04613719e-07  -4.45943442e-08
  -2.88149749e-07   8.67294148e-08  -1.63455843e-06   1.95141183e-08
   3.31609044e-07   2.24838004e-06   2.39742803e-07  -7.47168087e-08
  -5.95064193e-07   7.27595761e-12   7.27595761e-12  -8.55143298e-08
   1.43736543e-07   7.84930307e-08  -4.05430910e-07   1.88905688e-07
   7.27595761e-12   7.27595761e-12]
nit    77

0.684532180284
0.684532180284
-1.54798356389
0.637938204121
-0.505095538484
0.415048943034
0.0791043379382
0.912502914849
0.185417007587
-0.618613798824
-0.494830465785
-0.517015556016
0.217126027765
0.217126027765
0.217126027765
0.433085071613
-0.626866083548
0.301522401223
0.246799320899
0.0261814538087
0.0261814538087
0.0261814538087
