status    0
success    True
njev    73
nfev    1752
fun    0.000334113888567
x    [ 0.47351172 -0.47429096 -0.31284823  0.10454249  0.10454249  0.10454249
 -0.38623365  0.23452684  0.11435017  0.05782723  0.42372267  0.52761813
 -0.06694898 -0.22953144 -0.61282231 -0.47829332  0.05412668  0.05412668
  0.05412668  0.37549655 -0.52973578  0.40764385]
message    Optimization terminated successfully.
jac    [  1.21148332e-07   7.08350854e-08  -3.82966391e-07   2.03886884e-07
   0.00000000e+00   0.00000000e+00  -5.41338522e-07  -2.24572432e-08
   2.14985994e-06  -6.22771040e-07  -9.79485776e-07  -5.63788490e-07
   9.00472514e-08   7.63902790e-07  -1.28784450e-08   9.31322575e-09
  -2.14924512e-07   0.00000000e+00   0.00000000e+00   5.65887603e-08
  -7.34034984e-08   6.98055374e-08]
nit    73

0.473511723637
-0.474290963542
-0.312848228025
0.10454248931
0.10454248931
0.10454248931
-0.386233649695
0.234526838604
0.114350167285
0.0578272260249
0.423722667512
0.527618125504
-0.0669489793366
-0.229531437323
-0.612822309434
-0.478293323464
0.0541266816358
0.0541266816358
0.0541266816358
0.375496554832
-0.529735779017
0.407643853602
