status    0
success    True
njev    100
nfev    3805
fun    0.000477037538172
x    [ 0.73678859 -0.54844137 -0.51356406  0.14275503  0.14275503  0.14275503
 -0.67874556  0.30180572  0.32105072  0.01167384 -0.24262888  0.6103518
  0.07446525  0.07446525 -0.03000854 -0.50588929 -0.13692945  0.20305694
  0.17790352 -0.53928483  0.21872073 -0.24563967  0.41035738 -0.29193684
 -0.27419277  0.16184062  0.16057452 -0.0910109   0.17538179  0.13461866
 -0.62323475  0.33472606 -0.11052155  0.09866066  0.09866066  0.09866066]
message    Optimization terminated successfully.
jac    [ -2.13544263e-06   5.79973857e-07  -1.99885108e-07   2.07437552e-07
   0.00000000e+00   0.00000000e+00   1.94048334e-06  -7.35275535e-07
  -5.02957846e-07  -3.72725481e-07   4.85410055e-06  -2.33274477e-06
  -1.89200728e-06   0.00000000e+00   2.18595233e-06   5.07181539e-07
  -7.52133928e-07  -6.61057129e-07  -1.57702743e-07  -2.04053504e-06
  -6.87708962e-07  -1.92876905e-06   1.03312777e-06   1.60738273e-06
  -1.26833766e-06   8.62004526e-07  -8.11767677e-07   1.61964635e-06
   4.75498382e-07  -8.42286681e-07   2.14149259e-06  -1.04594073e-06
   9.95609298e-07  -4.38041752e-07   0.00000000e+00   0.00000000e+00]
nit    100

0.736788593334
-0.548441369651
-0.513564056942
0.14275502699
0.14275502699
0.14275502699
-0.678745560858
0.301805718364
0.321050722898
0.0116738409339
-0.242628881183
0.610351801031
0.0744652538876
0.0744652538876
-0.0300085407925
-0.505889286056
-0.136929452462
0.203056938132
0.177903523048
-0.539284833485
0.218720732155
-0.245639669477
0.410357376899
-0.291936843177
-0.274192770898
0.161840619404
0.160574521203
-0.0910109044205
0.175381785569
0.134618655397
-0.623234753352
0.334726057131
-0.110521545862
0.0986606647902
0.0986606647902
0.0986606647902
