status    9
success    False
njev    101
nfev    3335
fun    0.000749405337924
x    [ 0.72572026 -0.55881845 -0.67080811  0.16796877  0.16796877  0.16796877
 -0.83807594  0.32830566  0.77345373 -0.21073449  0.29902001  0.5873813
 -0.15716874 -0.15716874 -0.25898779 -0.72185788  0.11859263  0.3168875
  0.11179198 -0.89162412  0.35131979 -0.3321853   0.49817139 -0.31820466
 -0.31177444  0.20820371  0.14398035 -0.1170326   0.17915203  0.1204125
 -0.72185788]
message    Iteration limit exceeded
jac    [ -1.19740289e-05   1.11624613e-05  -3.22695996e-07   1.13882561e-06
   2.18278728e-11   2.18278728e-11  -1.27391613e-05   1.71686770e-05
  -1.63058794e-05   7.27114093e-06   1.07752930e-05  -8.38316191e-06
  -9.96813469e-06   2.18278728e-11  -3.22481355e-06   2.03610980e-05
  -3.60234117e-06  -1.33569847e-06  -6.70181180e-06   2.35208427e-06
   2.86054274e-06  -1.24943399e-05  -1.15104922e-06   1.63258665e-06
  -5.72398858e-06   1.02672129e-05  -6.18051854e-06   3.47706373e-06
   4.54085966e-06   7.18419324e-06   2.18278728e-11]
nit    101

0.725720258824
-0.558818446895
-0.670808113482
0.167968767184
0.167968767184
0.167968767184
-0.838075943443
0.328305660598
0.773453733442
-0.210734491292
0.299020010778
0.587381299421
-0.157168743558
-0.157168743558
-0.258987790318
-0.721857875319
0.118592626224
0.316887501717
0.111791982663
-0.891624119832
0.351319794035
-0.332185297135
0.498171387051
-0.318204655031
-0.3117744425
0.208203707486
0.143980345982
-0.117032597327
0.179152027632
0.120412497603
-0.721857875319
