status    9
success    False
njev    101
nfev    3434
fun    0.000858833356718
x    [ 0.74151625  0.74151625 -1.74512101  0.67791855 -0.62879307  0.4700244
 -0.36304885  0.90183057  0.26586978  0.26586978 -0.21390687 -0.48384352
  0.17704996  0.15524273  0.12194715 -0.79909698  0.45846568 -0.34880175
  0.4783361  -0.30544695 -0.12614208  0.19834639  0.18360484 -0.15490303
  0.15455434  0.17701132 -0.57981827  0.29422299  0.1167822   0.05627103
  0.05627103  0.05627103]
message    Iteration limit exceeded
jac    [  8.07296601e-07   0.00000000e+00   1.54250301e-08   7.55026122e-07
  -1.55712260e-05   5.23234485e-06   4.19551361e-06   3.86494503e-06
   1.14087015e-08   0.00000000e+00  -1.26275700e-06  -3.40682163e-07
   6.56874181e-06  -6.55971235e-06  -4.32279921e-06   1.56802707e-05
  -1.34483271e-05   3.03598063e-06  -4.83432814e-06  -4.40994336e-06
   1.00751349e-05  -8.47801857e-07   3.69728514e-06   5.24345523e-06
  -5.08715311e-06  -2.41946691e-06   1.53307337e-06   5.68354153e-07
  -3.41593841e-06   1.31795241e-06   0.00000000e+00   0.00000000e+00]
nit    101

0.741516253618
0.741516253618
-1.74512100827
0.67791855022
-0.628793068359
0.470024402735
-0.363048851475
0.90183056621
0.265869780141
0.265869780141
-0.213906865505
-0.483843523873
0.177049960663
0.155242726885
0.121947146642
-0.799096981182
0.458465682704
-0.348801747292
0.478336102709
-0.305446945237
-0.126142078227
0.198346394612
0.183604844941
-0.154903029677
0.15455433786
0.177011315391
-0.579818266373
0.294222990846
0.116782195076
0.0562710268168
0.0562710268168
0.0562710268168
