status    9
success    False
njev    101
nfev    3335
fun    0.00057681463668
x    [ 0.29312372 -0.81439279  0.31614328  0.25214057  0.00201976  0.08509795
  0.39439611 -0.0032366  -0.0032366  -0.20296455 -0.45043322 -0.08550043
  0.23561952  0.17145206 -0.53970842  0.24349674 -0.27527264  0.39890661
 -0.29959738 -0.20686965  0.16555951  0.16652176 -0.14652912  0.15444408
  0.14881974 -0.40483568  0.27243315 -0.19702685  0.10980979  0.10980979
  0.10980979]
message    Iteration limit exceeded
jac    [ -4.91641549e-06  -8.01929127e-06  -1.19370088e-05  -8.30028875e-06
  -6.45598629e-06  -7.79816764e-06  -1.29131804e-05  -2.99713865e-05
   7.27595761e-12   2.59367516e-06  -1.67877952e-05   4.55164263e-06
  -1.06109655e-06   3.51022754e-06   1.40062184e-05   7.70081533e-06
  -3.17134982e-06   1.81291398e-05   1.30109256e-05   7.01473618e-06
  -5.09085658e-06   1.92703446e-05   1.26860468e-05   2.00032810e-06
   1.20504628e-05   1.36468589e-06   4.64031473e-06  -2.66239658e-06
  -3.33735807e-06   7.27595761e-12   7.27595761e-12   0.00000000e+00]
nit    101

0.293123722922
-0.814392793579
0.316143276704
0.25214057388
0.00201975730241
0.0850979464471
0.394396110818
-0.00323659646027
-0.00323659646027
-0.202964545588
-0.450433221555
-0.0855004322828
0.235619515131
0.171452057375
-0.539708416416
0.243496742464
-0.275272640217
0.398906608609
-0.299597383795
-0.206869652401
0.165559510706
0.166521758842
-0.146529119534
0.154444077871
0.148819739214
-0.404835678419
0.272433147931
-0.197026853692
0.109809794726
0.109809794726
0.109809794726
