status    9
success    False
njev    101
nfev    3435
fun    0.00037204068056
x    [ 0.48149786 -0.45990302 -0.43481424  0.1377398   0.1377398   0.1377398
 -0.48933498  0.24289972  0.48146567 -0.0308881  -0.13245097  0.45347509
  0.04082457  0.04082457 -0.11790231 -0.47620701 -0.09355788  0.25018247
  0.17043966 -0.56178063  0.22359568 -0.28826899  0.41348142 -0.28609324
 -0.23819281  0.16994821  0.16300063 -0.1171144   0.16944738  0.13985338
 -0.54704827  0.41940115]
message    Iteration limit exceeded
jac    [  1.62796423e-05  -3.11905751e-07  -9.89819455e-06  -6.06059257e-06
   0.00000000e+00   0.00000000e+00   2.99173189e-06  -2.28251083e-05
  -1.27680105e-05  -1.21062003e-05   1.94734457e-06  -1.39582298e-05
  -1.29729779e-05   0.00000000e+00  -1.30435474e-05  -1.13185815e-05
   4.19658681e-06  -7.05971615e-07   1.96921537e-05   1.21854282e-05
   2.22507915e-05  -1.01592559e-05   8.06953904e-06   2.74013400e-05
   8.26821997e-06  -1.49689986e-05   7.25758218e-06   2.32561906e-05
   8.38255801e-07  -1.97530608e-06   1.37691313e-06  -1.27694511e-05]
nit    101

0.481497862817
-0.459903024924
-0.434814239108
0.137739800405
0.137739800405
0.137739800405
-0.489334976148
0.242899719491
0.481465672657
-0.0308881026245
-0.132450965517
0.453475088049
0.0408245656419
0.0408245656419
-0.1179023079
-0.476207012696
-0.0935578780712
0.250182472152
0.170439655561
-0.561780629863
0.223595678348
-0.288268994796
0.413481417678
-0.286093238213
-0.238192808762
0.169948205786
0.163000633273
-0.117114403846
0.169447380426
0.139853381116
-0.54704827108
0.419401153696
