status    9
success    False
njev    101
nfev    3537
fun    0.000558397945454
x    [ 0.75756799 -0.55366503 -0.50352452  0.13996585  0.13996585  0.13996585
 -0.73220452  0.30680021  0.40756325 -0.01169336 -0.32856676  0.63908504
  0.09030387  0.09030387  0.1924669  -0.5207326  -0.21981919 -0.21981919
  0.13676579 -0.1602908  -0.1602908   0.13676579  0.1614905   0.09195745
  0.1614905  -0.37903786  0.31746191 -0.66615552  0.34866122 -0.08382133
  0.09367988  0.09367988  0.09367988]
message    Iteration limit exceeded
jac    [  4.01341822e-08   1.06906373e-06   4.72420652e-07  -8.91646778e-07
   0.00000000e+00   0.00000000e+00  -2.19920184e-06   1.10492692e-06
   1.04322680e-07   6.55141775e-07   3.38434620e-06   3.76967364e-08
  -9.66232619e-07   0.00000000e+00   2.47739081e-07  -5.98658517e-07
  -1.72440195e-07   0.00000000e+00   1.75728928e-07  -2.45992851e-06
   0.00000000e+00   0.00000000e+00  -1.69893610e-07   2.32190359e-06
   0.00000000e+00  -9.89894033e-07  -4.06798790e-07   9.32923285e-08
   7.93625077e-07   1.24957296e-07  -1.60758646e-06   0.00000000e+00
   0.00000000e+00]
nit    101

0.757567987064
-0.553665026548
-0.503524515102
0.139965847855
0.139965847855
0.139965847855
-0.732204515999
0.306800212195
0.407563247077
-0.0116933626999
-0.328566761863
0.639085037643
0.0903038673509
0.0903038673509
0.192466899893
-0.520732599596
-0.219819189121
-0.219819189121
0.136765789724
-0.160290800033
-0.160290800033
0.136765789724
0.161490502224
0.091957454345
0.161490502224
-0.379037861759
0.317461910473
-0.666155519284
0.348661215906
-0.0838213321171
0.0936798821721
0.0936798821721
0.0936798821721
