status    9
success    False
njev    101
nfev    3538
fun    0.000570293510069
x    [ 0.76920936 -0.55190082 -0.51758533  0.14295032  0.14295032  0.14295032
 -0.7192969   0.31645097  0.34745671  0.03125231 -0.34238528  0.40812322
  0.10165142  0.10165142  0.19031148 -0.4437338  -0.1984745  -0.1984745
  0.13272863 -0.17740335 -0.17740335  0.13272863  0.16523264  0.09449257
  0.16523264 -0.37631475  0.3175996  -0.45259982  0.26946037  0.02838073
  0.05158624  0.05158624  0.05158624]
message    Iteration limit exceeded
jac    [  4.88018850e-06   9.20044840e-07   1.82911026e-06  -4.82617179e-06
   0.00000000e+00   0.00000000e+00  -1.98185444e-06  -3.15810757e-06
  -2.94728670e-06   2.97089719e-06   2.29197758e-06   1.06279913e-06
  -2.41075759e-06   0.00000000e+00  -2.41658563e-06  -1.49015978e-06
   2.07158155e-06   0.00000000e+00   2.16841727e-06   1.36780727e-07
   0.00000000e+00   0.00000000e+00  -1.27390376e-06   1.39579788e-06
   0.00000000e+00  -7.58314854e-07   1.69029227e-06   1.36884773e-06
   5.73854777e-07   5.15334250e-07  -2.45335104e-06   0.00000000e+00
   0.00000000e+00]
nit    101

0.769209362736
-0.55190081705
-0.517585330056
0.142950323955
0.142950323955
0.142950323955
-0.719296902214
0.31645097261
0.347456713619
0.0312523079846
-0.342385282432
0.408123223539
0.101651415368
0.101651415368
0.190311478389
-0.443733802659
-0.198474495168
-0.198474495168
0.132728634094
-0.177403350628
-0.177403350628
0.132728634094
0.165232635897
0.0944925713859
0.165232635897
-0.376314745566
0.317599598722
-0.452599817798
0.269460373261
0.0283807251721
0.0515862397883
0.0515862397883
0.0515862397883
