status    0
success    True
njev    94
nfev    2821
fun    0.000720698405321
x    [ 0.73789098 -0.55500305 -0.78262647  0.19991285  0.19991285  0.19991285
 -0.91632842  0.31437732  1.24681874 -0.34433826 -0.25009889  0.51907297
 -0.04215539 -0.04215539  0.19136804 -0.72670092 -0.08112565 -0.08112565
  0.11343244 -0.47509997 -0.47509997  0.11343244  0.21983799  0.37144817
  0.21983799 -0.45980779  0.31111111 -0.72670092]
message    Optimization terminated successfully.
jac    [ -4.40049917e-07  -2.95454811e-07   1.00393663e-06  -2.63680704e-07
  -2.18278728e-11  -2.18278728e-11  -4.39024006e-07   2.42478563e-07
   2.26248812e-06  -7.82638381e-07   2.67485302e-06  -3.09722964e-07
  -3.94800736e-07  -2.18278728e-11  -3.63092840e-06   3.00489774e-07
   2.11580482e-06  -2.18278728e-11  -5.70529664e-07   4.62525350e-07
  -2.18278728e-11  -2.18278728e-11  -4.47078492e-07  -1.75101013e-06
  -2.18278728e-11   3.88630724e-07  -5.05315256e-08  -2.18278728e-11]
nit    94

0.737890977455
-0.555003049944
-0.782626471565
0.199912848018
0.199912848018
0.199912848018
-0.916328416113
0.31437732492
1.2468187426
-0.344338262246
-0.250098886428
0.519072965724
-0.0421553858083
-0.0421553858083
0.191368040148
-0.726700916586
-0.0811256545298
-0.0811256545298
0.113432441382
-0.475099972152
-0.475099972152
0.113432441382
0.219837986579
0.371448174616
0.219837986579
-0.459807791676
0.311111110685
-0.726700916586
