status    9
success    False
njev    101
nfev    3133
fun    0.000853081105597
x    [ 0.73268646  0.73268646 -1.80532798  0.69771862 -0.24946224  0.38715512
 -0.7587175   0.80429419  0.34599118  0.34599118  0.08703715 -0.4835926
 -0.08013975 -0.08013975  0.11959603 -0.20910702 -0.20910702  0.11959603
  0.17862212  0.15598193  0.17862212 -0.33915587  0.32877116 -0.62641353
  0.29936087  0.22821651  0.03294538  0.03294538  0.03294538]
message    Iteration limit exceeded
jac    [  2.90647586e-06   0.00000000e+00   9.20670573e-07   1.46801904e-06
   2.09128484e-06   3.20680556e-07   3.06221773e-06   6.52682502e-07
   7.76919478e-07   0.00000000e+00  -2.88823503e-06   1.05533400e-06
   9.66261723e-07   0.00000000e+00  -7.85104930e-07  -1.91497384e-06
   0.00000000e+00   0.00000000e+00  -2.71454337e-06  -2.09882273e-06
   0.00000000e+00  -1.65683741e-06  -2.09357677e-06  -2.93643097e-07
  -1.97876943e-07   1.25903898e-06  -7.63808202e-07   0.00000000e+00
   0.00000000e+00]
nit    101

0.73268646267
0.73268646267
-1.80532798387
0.697718619932
-0.24946223806
0.387155121302
-0.75871749876
0.804294187013
0.345991176451
0.345991176451
0.0870371497393
-0.483592598458
-0.0801397522649
-0.0801397522649
0.119596027114
-0.209107023126
-0.209107023126
0.119596027114
0.178622120463
0.155981934922
0.178622120463
-0.339155872695
0.328771156322
-0.626413525784
0.299360868196
0.228216508385
0.0329453830678
0.0329453830678
0.0329453830678
