status    0
success    True
njev    91
nfev    2731
fun    0.000637023515447
x    [ 0.29870095 -0.8369077   0.31976408  0.30714822 -0.00926354 -0.03874479
  0.40300348  0.01779426  0.01779426  0.02480001 -0.45801029 -0.11716557
 -0.11716557  0.12611855 -0.27575293 -0.27575293  0.12611855  0.17762807
  0.21557512  0.17762807 -0.40568839  0.32237808 -0.38492998  0.26865484
 -0.24951592  0.12193035  0.12193035  0.12193035]
message    Optimization terminated successfully.
jac    [ -3.60669219e-08  -2.32394086e-07  -2.67027644e-08   9.26054781e-07
  -3.55707016e-07   3.99413693e-07  -1.94129825e-07  -1.46996172e-07
   0.00000000e+00  -1.50964479e-06  -3.91301000e-08   1.64699304e-06
   0.00000000e+00  -2.99427484e-07  -1.70314161e-06   0.00000000e+00
   0.00000000e+00   3.25046130e-07   1.53341534e-06   0.00000000e+00
  -1.92449079e-07  -1.67347025e-08   6.27558620e-07   2.46989657e-07
  -1.57285831e-06   7.03352271e-07   0.00000000e+00   0.00000000e+00]
nit    91

0.298700945077
-0.836907698947
0.319764081144
0.307148222626
-0.00926353825665
-0.0387447940647
0.403003483291
0.0177942597052
0.0177942597052
0.0248000136936
-0.458010286275
-0.117165567861
-0.117165567861
0.126118547721
-0.275752929147
-0.275752929147
0.126118547721
0.17762806556
0.215575122658
0.17762806556
-0.40568838787
0.322378084968
-0.384929983005
0.268654843259
-0.249515923431
0.121930354392
0.121930354392
0.121930354392
