status    0
success    True
njev    96
nfev    3361
fun    0.000578629842952
x    [ 0.43990535 -0.47687405 -0.14717856  0.06138242  0.06138242  0.06138242
 -0.51246407  0.23276923  0.4525954  -0.03233705 -0.39281786  0.62416442
  0.10471724  0.10471724  0.15652795 -0.51996743 -0.1818797  -0.1818797
  0.12514406 -0.15384048 -0.15384048  0.12514406  0.15738838  0.06581979
  0.15738838 -0.37164116  0.31786777 -0.66971551  0.34711965 -0.07907143
  0.09269709  0.09269709  0.09269709]
message    Optimization terminated successfully.
jac    [ -4.34214598e-07  -1.63665391e-07   1.14186696e-06  -5.38260792e-07
   0.00000000e+00   0.00000000e+00   6.46730768e-07   9.56279109e-08
  -2.16069748e-06   7.58205715e-07   2.58022919e-06  -3.68570909e-07
  -1.62806828e-07   0.00000000e+00  -4.67996142e-06   3.52891220e-07
   3.04331479e-06   0.00000000e+00  -6.22407242e-07   7.44286808e-07
   0.00000000e+00   0.00000000e+00  -2.29949364e-07  -1.84981764e-06
   0.00000000e+00   6.67234417e-07   1.71814463e-07   9.05041816e-07
  -2.35493644e-07   7.41674739e-07  -2.40775989e-07   0.00000000e+00
   0.00000000e+00]
nit    96

0.439905347586
-0.476874052301
-0.147178564517
0.0613824230776
0.0613824230776
0.0613824230776
-0.512464066789
0.232769225118
0.45259539606
-0.0323370464627
-0.392817856423
0.624164419902
0.104717244945
0.104717244945
0.156527952069
-0.519967430163
-0.181879695756
-0.181879695756
0.125144062699
-0.153840481902
-0.153840481902
0.125144062699
0.157388382241
0.0658197910971
0.157388382241
-0.371641155943
0.317867770257
-0.669715508958
0.347119646296
-0.0790714300679
0.0926970898514
0.0926970898514
0.0926970898514
