status    0
success    True
njev    100
nfev    3100
fun    0.000475380582456
x    [ 0.42744559 -0.45122259 -0.25991382  0.09456361  0.09456361  0.09456361
 -0.53609096  0.2444047   0.67414403 -0.06582672 -0.44530408  0.42108845
  0.10868348  0.10868348  0.21578978 -0.4751927  -0.18611598 -0.18611598
  0.13176499 -0.22712602 -0.22712602  0.13176499  0.17742883  0.15144616
  0.17742883 -0.38669485  0.31937082 -0.55055158  0.42414636]
message    Optimization terminated successfully.
jac    [ -7.22247933e-07  -2.58794898e-07   1.79351628e-06  -8.05030140e-07
   0.00000000e+00   0.00000000e+00  -5.01702743e-07  -9.32741386e-08
   1.02576814e-06  -5.66858944e-07   2.54205588e-06  -3.63063009e-07
  -8.96354322e-07   0.00000000e+00  -1.98403723e-06  -9.96333256e-08
   1.74134766e-06   0.00000000e+00  -3.66111635e-07  -2.51541496e-06
   0.00000000e+00   0.00000000e+00   4.37448762e-07   2.41860107e-06
   0.00000000e+00  -4.16592229e-07  -9.25938366e-08  -1.17976015e-07
  -3.99704732e-08]
nit    100

0.427445585537
-0.451222588369
-0.259913820307
0.0945636077129
0.0945636077129
0.0945636077129
-0.536090960912
0.244404696541
0.674144031106
-0.0658267214775
-0.44530408168
0.42108845457
0.108683480448
0.108683480448
0.215789780935
-0.475192696954
-0.186115984621
-0.186115984621
0.131764986092
-0.227126021406
-0.227126021406
0.131764986092
0.177428831668
0.151446160515
0.177428831668
-0.386694850771
0.319370824197
-0.550551581613
0.424146361178
