status    0
success    True
njev    65
nfev    1952
fun    0.000399729254624
x    [ 0.71617525 -0.54967899 -0.49154688  0.13777555  0.13777555  0.13777555
 -0.54017048  0.29188761 -0.21765841  0.14957783  0.38713614  0.52793674
 -0.07512528 -0.12957898 -0.12957898 -0.46599398  0.01888196  0.01888196
  0.01888196  0.01888196  0.01888196  0.01888196 -0.40293351  0.25879247
 -0.09876955  0.0809702   0.0809702   0.0809702 ]
message    Optimization terminated successfully.
jac    [ -3.63431536e-06   1.02202102e-06   1.75044988e-07   2.58660293e-09
   0.00000000e+00   0.00000000e+00   4.19328353e-06  -1.33221329e-06
  -1.46797538e-06   1.71628926e-07   2.77432264e-08   2.09922291e-07
  -1.82331860e-07   1.53851943e-06   0.00000000e+00  -6.19947969e-08
  -4.31133230e-07   0.00000000e+00   0.00000000e+00   0.00000000e+00
   0.00000000e+00   0.00000000e+00  -9.97097231e-07  -7.50216714e-07
   3.24196299e-06  -1.48650361e-06   0.00000000e+00   0.00000000e+00]
nit    65

0.716175254467
-0.549678993053
-0.491546876705
0.137775554548
0.137775554548
0.137775554548
-0.540170481556
0.291887612844
-0.217658414369
0.149577830214
0.387136144073
0.527936741957
-0.0751252829016
-0.129578978617
-0.129578978617
-0.465993981072
0.0188819566157
0.0188819566157
0.0188819566157
0.0188819566157
0.0188819566157
0.0188819566157
-0.402933511349
0.258792473303
-0.0987695499531
0.0809701959997
0.0809701959997
0.0809701959997
