status    0
success    True
njev    52
nfev    1301
fun    0.000461932183982
x    [ 0.79236344 -0.59098888 -0.78803274  0.19555273  0.19555273  0.19555273
 -0.86206819  0.31518903  0.81312644 -0.27522594  0.58004577  0.70896319
 -0.28052645 -0.03640871 -0.03640871 -0.79106462 -0.0574262  -0.0574262
 -0.0574262  -0.0574262  -0.0574262  -0.0574262  -0.79106462]
message    Optimization terminated successfully.
jac    [ -2.57944703e-06  -1.15669536e-06   6.23601591e-06  -2.49076402e-06
   3.63797881e-12   3.63797881e-12  -1.51558197e-07   4.92291292e-07
   1.69259147e-06  -4.91127139e-08  -6.07513357e-07  -1.50099368e-07
   4.85717464e-07  -9.99400072e-07   3.63797881e-12   1.62265133e-06
  -2.25247641e-06   3.63797881e-12   3.63797881e-12   3.63797881e-12
   3.63797881e-12   3.63797881e-12   3.63797881e-12]
nit    52

0.792363436544
-0.590988884478
-0.788032744997
0.195552730977
0.195552730977
0.195552730977
-0.862068188844
0.315189034531
0.813126440258
-0.275225941541
0.58004577338
0.708963185496
-0.280526453686
-0.0364087123281
-0.0364087123281
-0.791064616885
-0.0574261985279
-0.0574261985279
-0.0574261985279
-0.0574261985279
-0.0574261985279
-0.0574261985279
-0.791064616885
