status    0
success    True
njev    61
nfev    1587
fun    0.000660508881435
x    [  5.84192055e-01   5.84192055e-01  -1.20998240e+00   5.84192055e-01
  -8.10630677e-01   5.01488573e-01  -1.37964330e-01   9.18977385e-01
   2.17257095e-01  -1.32870855e-01  -1.32870855e-01  -5.05685258e-01
   8.99508587e-02   8.99508587e-02   8.99508587e-02   8.99508587e-02
   8.99508587e-02   8.99508587e-02  -6.50251975e-01   3.00900014e-01
   3.46727694e-01   8.74755803e-04   8.74755803e-04   8.74755803e-04]
message    Optimization terminated successfully.
jac    [ -1.02761987e-06   7.27595761e-12   4.68098733e-07   7.27595761e-12
  -2.10675353e-07   1.10805559e-07  -2.72110628e-06  -2.13789463e-07
   6.34325261e-07   2.80862150e-06   7.27595761e-12  -3.85298335e-07
   6.23229425e-07   7.27595761e-12   7.27595761e-12   7.27595761e-12
   7.27595761e-12   7.27595761e-12   6.24015229e-07   5.39985194e-07
  -1.67234975e-06   5.14148269e-07   7.27595761e-12   7.27595761e-12]
nit    61

0.584192055404
0.584192055404
-1.20998239648
0.584192055404
-0.810630676827
0.50148857281
-0.137964329571
0.918977384594
0.21725709471
-0.132870854686
-0.132870854686
-0.505685258313
0.0899508587053
0.0899508587053
0.0899508587053
0.0899508587053
0.0899508587053
0.0899508587053
-0.650251975299
0.300900014144
0.346727693747
0.000874755802637
0.000874755802637
0.000874755802637
