status    0
success    True
njev    60
nfev    1501
fun    0.000508980008746
x    [ 0.27950185 -0.76961538  0.323333   -0.01037908  0.05508294  0.5301996
  0.44272278 -0.10961516 -0.33587264 -0.33587264 -0.46250962  0.06550406
  0.06550406  0.06550406  0.06550406  0.06550406  0.06550406 -0.41509095
  0.27738165 -0.18554182  0.10775037  0.10775037  0.10775037]
message    Optimization terminated successfully.
jac    [  6.99947122e-09   5.30657417e-07   3.08064045e-08  -2.31286685e-06
   6.93980837e-07   2.29758734e-06   4.71372914e-07  -2.75773345e-07
  -1.85154931e-06   0.00000000e+00   4.58530849e-08   4.39868018e-07
   0.00000000e+00   0.00000000e+00   0.00000000e+00   0.00000000e+00
   0.00000000e+00  -1.41450437e-06  -6.14105375e-07   3.70931230e-06
  -1.67300459e-06   0.00000000e+00   0.00000000e+00]
nit    60

0.279501853536
-0.769615380285
0.323332997197
-0.0103790841064
0.0550829420798
0.530199595904
0.442722778998
-0.109615157963
-0.335872643216
-0.335872643216
-0.462509616301
0.0655040595621
0.0655040595621
0.0655040595621
0.0655040595621
0.0655040595621
0.0655040595621
-0.415090947395
0.277381650165
-0.185541819653
0.107750372294
0.107750372294
0.107750372294
