status    0
success    True
njev    67
nfev    1743
fun    0.000257207781904
x    [ 0.47345783 -0.47023136 -0.31798844  0.10492066  0.10492066  0.10492066
 -0.39559812  0.23878113 -0.01861643  0.07561589  0.43910048  0.61620795
 -0.10811372 -0.1371789  -0.1371789  -0.51478678  0.0161092   0.0161092
  0.0161092   0.0161092   0.0161092   0.0161092  -0.56949352  0.41460574]
message    Optimization terminated successfully.
jac    [  3.87557520e-07   1.88298145e-07  -1.11899499e-06   5.59637556e-07
   0.00000000e+00   0.00000000e+00  -3.42977728e-07   6.17437763e-08
   1.31958950e-06  -1.50823325e-07  -4.48614810e-06  -3.44447471e-07
   8.32915248e-07   4.26995393e-06   0.00000000e+00   3.05917638e-08
  -1.00000761e-06   0.00000000e+00   0.00000000e+00   0.00000000e+00
   0.00000000e+00   0.00000000e+00  -8.99199222e-08   7.11224857e-08]
nit    67

0.473457829989
-0.47023136312
-0.317988443114
0.104920658749
0.104920658749
0.104920658749
-0.395598124201
0.238781131153
-0.0186164266662
0.0756158929856
0.439100475535
0.616207946929
-0.108113721692
-0.137178900438
-0.137178900438
-0.514786781828
0.0161091977233
0.0161091977233
0.0161091977233
0.0161091977233
0.0161091977233
0.0161091977233
-0.569493517697
0.414605740017
