status    0
success    True
njev    64
nfev    1923
fun    0.000384699763476
x    [ 0.51054849 -0.50559634 -0.28094878  0.09199888  0.09199888  0.09199888
 -0.40110805  0.22981309 -0.1297863   0.09423992  0.28864977  0.83526787
 -0.04608351 -0.19800198 -0.19800198 -0.56928537  0.04263189  0.04263189
  0.04263189  0.04263189  0.04263189  0.04263189 -0.71047946  0.35904491
 -0.12360307  0.10451428  0.10451428  0.10451428]
message    Optimization terminated successfully.
jac    [  9.99600161e-07   5.28965757e-07  -2.22778908e-06   7.09398591e-07
   0.00000000e+00   0.00000000e+00   1.88033300e-06   9.45237844e-07
  -1.41407145e-06   2.19915091e-06  -3.87320324e-06   2.62093454e-06
   3.01864929e-06   2.75271304e-07   0.00000000e+00  -2.97357474e-07
   3.49547554e-06   0.00000000e+00   0.00000000e+00   0.00000000e+00
   0.00000000e+00   0.00000000e+00  -3.44611180e-06   8.90904630e-08
   1.36769449e-06  -6.63009268e-06   0.00000000e+00   0.00000000e+00]
nit    64

0.510548489232
-0.505596337325
-0.280948784966
0.0919988776863
0.0919988776863
0.0919988776863
-0.401108054458
0.229813092803
-0.129786303424
0.0942399196397
0.288649769136
0.835267873451
-0.046083511576
-0.198001979295
-0.198001979295
-0.569285373259
0.0426318867193
0.0426318867193
0.0426318867193
0.0426318867193
0.0426318867193
0.0426318867193
-0.710479458318
0.359044905613
-0.123603069575
0.104514282747
0.104514282747
0.104514282747
