status    0
success    True
njev    68
nfev    1635
fun    0.000359959641102
x    [ 0.77685645 -0.56606352 -0.61529659  0.16938017  0.16938017  0.16938017
 -0.68884861  0.30890135  0.37024211  0.00555475 -0.49520084  0.63527873
  0.13128697  0.13128697  0.13128697 -0.5297884  -0.6167426   0.35072573
 -0.25382866  0.13873622  0.13873622  0.13873622]
message    Optimization terminated successfully.
jac    [  8.11560312e-08   5.17211447e-08   4.38121788e-08   3.59250407e-08
   0.00000000e+00   0.00000000e+00   3.63179424e-08  -1.47701940e-08
  -2.82474502e-07   3.42188287e-08   3.13764758e-07   7.18027877e-08
  -9.34051059e-08   0.00000000e+00   0.00000000e+00  -2.87218427e-08
   2.04854587e-07   7.01911631e-08  -5.34520950e-07   2.36024789e-07
   0.00000000e+00   0.00000000e+00   0.00000000e+00]
nit    68

 0.77685644568
-0.56606351583
-0.61529659352
 0.16938017487
 0.16938017487
 0.16938017487
-0.68884861231
 0.30890134827
 0.37024210853
 0.00555474564
-0.49520084349
 0.63527873258
 0.13128697471
 0.13128697471
 0.13128697471
-0.52978840335
-0.61674259913
 0.35072572732
-0.25382866404
 0.13873622497
 0.13873622497
 0.13873622497
