status    0
success    True
njev    57
nfev    1083
fun    0.000500743899411
x    [ 0.8550736  -0.59664185 -1.03715476  0.25957434  0.25957434  0.25957434
 -0.74540911  0.3249163   0.60735115 -0.09647779 -0.77530473  0.72290974
  0.16449458  0.16449458  0.16449458 -0.76573464 -0.76573464]
message    Optimization terminated successfully.
jac    [ -3.93876689e-07  -1.64771336e-07   1.02502963e-06  -4.56828275e-07
   0.00000000e+00   0.00000000e+00   8.41464498e-08   1.15112925e-07
   2.79440428e-07   1.58477633e-07  -1.10226392e-06  -1.05865183e-08
   3.82096914e-07   0.00000000e+00   0.00000000e+00   1.34175934e-07
   0.00000000e+00]
nit    57

0.855073596158
-0.596641847266
-1.03715476157
0.259574337559
0.259574337559
0.259574337559
-0.745409110453
0.324916296616
0.607351152974
-0.096477791969
-0.775304727571
0.72290973624
0.164494576817
0.164494576817
0.164494576817
-0.765734643144
-0.765734643144
