status    0
success    True
njev    56
nfev    1065
fun    0.000590259389175
x    [ 0.3076315  -0.82328325  0.3076315   0.26897068  0.00848568 -0.09508087
  0.3994351   0.02504184  0.02504184  0.02504184 -0.44891589 -0.43365592
  0.29144937 -0.19392588  0.11204414  0.11204414  0.11204414]
message    Optimization terminated successfully.
jac    [  1.72440195e-09  -3.31929186e-08   0.00000000e+00   1.84038072e-07
  -2.61716195e-08  -2.24514224e-07   1.15323928e-08   1.08280801e-07
   0.00000000e+00   0.00000000e+00   1.69675332e-08   2.43904651e-07
   1.01310434e-07  -6.28337148e-07   2.90739990e-07   0.00000000e+00
   0.00000000e+00]
nit    56

0.307631504938
-0.823283248493
0.307631504938
0.268970679072
0.00848568321871
-0.0950808715383
0.399435101529
0.0250418446728
0.0250418446728
0.0250418446728
-0.448915887683
-0.433655917131
0.291449372453
-0.193925880534
0.112044141737
0.112044141737
0.112044141737
