status    0
success    True
njev    60
nfev    1441
fun    0.000377386625508
x    [ 0.50965999 -0.50475167 -0.30681572  0.1006358   0.1006358   0.1006358
 -0.50429842  0.24275531  0.40861482 -0.02086301 -0.49007541  0.68248435
  0.12249435  0.12249435  0.12249435 -0.55234702 -0.67309738  0.36080922
 -0.21508253  0.13120567  0.13120567  0.13120567]
message    Optimization terminated successfully.
jac    [ -7.22073310e-07  -1.63126970e-07   1.68478800e-06  -7.88273610e-07
   0.00000000e+00   0.00000000e+00  -1.51745189e-06  -5.88792318e-07
   2.88975571e-06  -1.91069194e-06   5.57064777e-06  -1.69732084e-06
  -2.37025233e-06   0.00000000e+00   0.00000000e+00  -3.00329702e-07
  -7.96440872e-07  -6.92580215e-07   2.99196472e-06  -1.44084697e-06
   0.00000000e+00   0.00000000e+00]
nit    60

0.509659991499
-0.504751671285
-0.306815723184
0.10063580099
0.10063580099
0.10063580099
-0.504298421837
0.242755308172
0.408614817098
-0.0208630140993
-0.490075406288
0.682484347731
0.122494351725
0.122494351725
0.122494351725
-0.552347016618
-0.673097379092
0.360809218647
-0.215082529831
0.131205673648
0.131205673648
0.131205673648
