status    0
success    True
njev    62
nfev    1243
fun    0.000242783437234
x    [ 0.4693462  -0.46828913 -0.33497652  0.11130648  0.11130648  0.11130648
 -0.46505524  0.25216561  0.40934766  0.00958287 -0.46150771  0.50753427
  0.12593171  0.12593171  0.12593171 -0.4946917  -0.5624564   0.42728553]
message    Optimization terminated successfully.
jac    [  4.39122232e-08   4.22187441e-09  -9.80562618e-08   6.92507456e-08
  -3.63797881e-12  -3.63797881e-12   1.93922460e-08   9.95314622e-08
   2.73252226e-07  -8.39827408e-09  -7.26175131e-07   2.18642526e-09
   2.34025720e-07  -3.63797881e-12  -3.63797881e-12   9.75360308e-08
   4.36284608e-08   6.35609467e-08]
nit    62

0.469346202416
-0.468289126248
-0.334976520529
0.111306481454
0.111306481454
0.111306481454
-0.46505524135
0.252165609745
0.409347655912
0.00958287189934
-0.461507711033
0.507534269114
0.125931706437
0.125931706437
0.125931706437
-0.494691698003
-0.562456401284
0.427285525689
