7.841025900953602
5.343950875729224
8.101212458645195
1.4713450134984376
1.4713450134984376
1.4713450134984376
7.826880375303728
1.2806769785066277
8.311238302859703
1.6071572188605576
8.20211709758491
7.631953658557003
1.402640595820652
1.402640595820652
8.479163766478381
5.3755808814487445
7.383848414888804
8.576081190902407
8.228086081235174
6.6451170942019315
1.8372837610878874
2.0396158479161706
1.6045801487245135
6.976654942796241
1.2058525132927767
7.226245151771593
1.5712007099355771
1.5712007099355771
1.5712007099355771
