1.2567745088393352
6.932471653684513
1.2567745088393352
8.210023264982445
1.776357734925762
7.977043260966467
8.4882124119607
1.4472949520482694
1.4472949520482694
7.972912815493077
5.807738892649167
1.428899129182226
1.428899129182226
7.424675952840006
1.4213771480595605
1.4213771480595605
7.360280491792104
1.158910488504031
8.181559506806297
6.3565906479434835
6.3565906479434835
0.7616256135446922
0.7616256135446922
0.7616256135446922
0.7616256135446922
7.389150752513219
1.2561299938256365
7.405013516895033
1.5291409818217503
1.5291409818217503
1.5291409818217503
