7.902561772705748
5.3744376108648115
8.157900652225567
1.5318087356225887
1.5318087356225887
1.5318087356225887
7.882087911523158
1.286489283937044
8.343026744352755
1.5532058284169596
8.505101295564565
7.578323585273568
1.3930280929640944
1.3930280929640944
9.196787570332761
5.274151317707287
8.80130634307451
8.80130634307451
1.5489922305743202
9.106711685126646
9.106711685126646
1.5489922305743202
1.8567406327797844
8.705219641522644
1.8567406327797844
6.01747387427834
1.2109382456046653
6.968284480788749
1.202210916889589
7.308628004059556
1.5415450642846642
1.5415450642846642
1.5415450642846642
