8.551725166759205
5.701822639124701
8.802792883461603
1.4294745301401544
1.4294745301401544
1.4294745301401544
8.585072881250262
1.2585596695684822
9.761440106212497
1.615518236874969
9.561824648441924
9.255767934103547
1.3400766207828132
1.3400766207828132
9.442219880396795
6.467915099564008
8.849849878256268
8.849849878256268
1.4159275121247485
9.333388735647178
9.333388735647178
1.4159275121247485
1.877598972752067
8.818716798362843
1.877598972752067
6.093851487553693
1.2329730793401488
6.467915099564008
