7.37387521508
6.2690260235
7.5807807547
1.81187740987
1.81187740987
1.81187740987
6.67462071482
1.01386150345
7.63379475898
1.1829723709
7.41291020232
7.7050601212
1.64212891986
1.64212891986
7.43840006735
6.22303663907
1.69058894643
1.69058894643
7.0650936325
1.7063673513
1.7063673513
6.66379820415
0.890284738333
7.95975886895
6.51295751427
6.51295751427
1.16208730447
1.16208730447
1.16208730447
1.16208730447
6.81957485264
1.21540783059
7.25222236052
1.83094643725
1.83094643725
1.83094643725
