7.723114008767878
5.414562744457908
7.902886761814304
1.5197862534146565
1.5197862534146565
1.5197862534146565
7.42592454872608
1.2542547984613779
8.379542872207088
1.686135442208795
7.723719528425527
8.108924578314337
1.3167078191247272
1.3167078191247272
8.021300856046283
5.607188879810153
1.4546855009843296
1.4546855009843296
8.145659874439641
5.6485037702594445
7.665721929671552
1.2952280459358405
1.2952280459358405
7.230327592711014
1.1879724264563467
7.509893782033528
1.5123724429218142
1.5123724429218142
1.5123724429218142
