1.1008605084806353
1.1008605084806353
5.2211507345061285
1.1008605084806353
7.941628588100223
1.6601402407158938
7.6485579610190495
8.271855118403126
1.6732665388738157
1.6732665388738157
7.544408878144434
5.543621443817212
1.9767478904361921
7.367524981851438
7.367524981851438
1.6159055626718253
1.6159055626718253
1.6159055626718253
1.6159055626718253
1.6159055626718253
1.6159055626718253
7.263496946332752
1.4024577719531575
7.234720237219403
1.6644065213826553
1.6644065213826553
1.6644065213826553
