1.240421654396678
7.687870617058504
1.240421654396678
8.103781969289539
1.6634768923350052
8.31520815473716
7.885220838138739
1.5362248469518631
1.5362248469518631
9.010306612001886
5.421082987508739
8.77434692584277
8.77434692584277
1.67391010248079
9.081985968863254
9.081985968863254
1.67391010248079
1.918859395034776
8.664527971623894
1.918859395034776
5.966236831582505
1.216260054795788
7.139049757455524
1.2295617807675232
7.335008880419074
1.4998352944224809
1.4998352944224809
1.4998352944224809
