7.794721511646609
5.346530446372454
8.052371445647934
1.4699816919907056
1.4699816919907056
1.4699816919907056
7.745960154634199
1.2852609534344681
8.268805280723315
1.5600858464514724
8.233026684004269
7.6393022326711595
1.4128639642923841
1.4128639642923841
8.587490208401364
5.306807027486227
6.633269532215371
8.44484546202948
1.3248950983392227
8.351225176400753
7.5683817467501635
1.7945228327166605
2.0290001431306557
7.011303572385416
1.2050789116424105
7.290557533593371
1.5281877491115148
1.5281877491115148
1.5281877491115148
