7.767765081307243
5.25816024413577
8.06434082833653
1.471928923808837
1.471928923808837
1.471928923808837
7.78613451310343
1.2974512037925365
8.339312186596214
1.5993687900206726
8.245721444101152
7.5990557904252345
1.4009145401499723
1.4009145401499723
8.594070017375676
5.230005830720671
6.620163519298822
8.48305682204261
1.3004456192470193
8.332471176655705
7.565561564554987
1.799351737786854
2.023271774086201
7.069789409820225
1.1846901791472095
7.296538014810174
1.529456772105395
1.529456772105395
1.529456772105395
