8.247609758790865
5.683064707154849
8.324432510292805
1.4685003089740982
1.4685003089740982
1.4685003089740982
8.08535665672066
1.2476938266291242
10.398497425111763
1.6709338187081215
8.982159407511206
10.05184189754465
1.1107311518879839
1.1107311518879839
8.64341041213127
6.761030890358876
1.0952294082412193
1.0952294082412193
7.941428830038632
1.1072835716956617
1.1072835716956617
7.714216569876189
1.0048380281541287
8.436404733136351
6.286231335075268
6.286231335075268
0.3923451144542096
0.3923451144542096
0.3923451144542096
0.3923451144542096
6.761030890358876
