1.2706406844552798
6.933262886671191
1.2706406844552798
8.179430500104129
1.7822552982522717
7.967038373456033
8.466870338913852
1.4997141246895216
1.4997141246895216
7.919434359809544
5.796921884169657
1.4868580811681529
1.4868580811681529
7.681062958938136
1.5802085193060011
1.5802085193060011
7.22814488420012
1.4940399664860764
1.4940399664860764
5.287970415484408
0.9200998908498762
0.9200998908498762
0.9200998908498762
7.370435404754697
1.256010661564685
7.387329390780687
1.5073867908964595
1.5073867908964595
1.5073867908964595
