7.678723632670696
5.404195445758074
7.786193511987814
1.5622106051024072
1.5622106051024072
1.5622106051024072
7.426123866502055
1.3194342343922518
8.48542975905448
1.6740016629519743
7.994770821795757
8.230191144171187
1.3630479933849329
1.3630479933849329
7.874461683396498
5.680806128064723
1.3758791910966484
1.3758791910966484
7.446473116488055
1.3779859610595362
1.3779859610595362
7.371835249157195
1.1387272956753676
8.195730121925454
6.343234915616709
6.343234915616709
0.7469195324135265
0.7469195324135265
0.7469195324135265
0.7469195324135265
7.227155598588983
1.2285915405129006
7.437051108714443
1.546456343677645
1.546456343677645
1.546456343677645
