7.744902867151656
5.472902065646392
7.9144753709148326
1.5485936808630525
1.5485936808630525
1.5485936808630525
7.406921846254895
1.2641981199508907
8.416409184658683
1.674616544176265
7.928239457826133
8.106032072907203
1.4092265435076032
1.4092265435076032
7.814557288001254
5.761350826213928
1.4551520178619817
1.4551520178619817
7.869975119264387
1.5803840505062057
1.5803840505062057
7.830157287196384
1.7007646696726253
1.7007646696726253
7.832589138679044
1.4292845705120678
1.4292845705120678
7.1436227355652155
1.22213276964985
7.41350965406367
1.5599550672017417
1.5599550672017417
1.5599550672017417
