1.2814207533604098
7.664537046410946
1.2814207533604098
8.078380155483126
1.6881677852313335
8.225393773061292
7.8987990755014374
1.5910088471080246
1.5910088471080246
8.828057614219476
5.441232505451509
8.730070929201997
8.730070929201997
1.7206487715245733
8.849781161743376
8.849781161743376
1.7206487715245733
1.9849026457711196
8.90285017721214
1.9849026457711196
2.2207991477926305
7.141086000763335
1.2488134183309696
7.3405752356157095
1.5177191292846757
1.5177191292846757
1.5177191292846757
