7.5078726142
6.62535647071
7.58413552956
1.78861768439
1.78861768439
1.78861768439
6.87198367162
1.21348345624
7.5600614095
2.08148969128
1.05960727643
4.64436773691
4.09265463645
4.09265463645
5.87043547283
7.00513559551
4.20721646642
4.20721646642
0.735319256291
4.17926909616
4.17926909616
5.27164461963
2.30192674328
2.30192674328
6.05076387885
1.26171211931
1.26171211931
1.26171211931
4.19040113302
2.99372321266
6.99183528957
2.29331963567
2.29331963567
2.29331963567
