7.928706376007718
5.431532750426281
8.135902724199225
1.5043813607287437
1.5043813607287437
1.5043813607287437
7.905548843658725
1.2663187692947606
8.0772335128895
1.521489552299891
8.322421867670815
6.9490160971139305
1.4271162495484953
1.4271162495484953
9.01630574826434
5.181826758180713
8.743574751085177
8.743574751085177
1.5968423013421444
8.843090409222098
8.843090409222098
1.5968423013421444
1.9101256483785998
8.900914851991297
1.9101256483785998
2.203316813715762
5.252720301080691
1.420902513446271
