7.740124122446838
5.385004900656198
7.90478330101312
1.4664357555040046
1.4664357555040046
1.4664357555040046
7.439040780027021
1.2077178009426206
8.618462299626414
1.6310561302738618
8.370311557301793
8.163168059220192
1.2367615124812656
1.2367615124812656
9.286014685393278
5.550405481766077
1.4116275047785432
1.4116275047785432
18.794519777875223
8.672756961716757
1.454767179827353
1.454767179827353
1.454767179827353
7.23225729245752
1.1529120047150325
7.496819194831352
1.469802196108198
1.469802196108198
1.469802196108198
