8.224659533726113
5.560636416669466
8.371939530970277
1.187774698807833
1.187774698807833
1.187774698807833
8.212163649285987
1.0134982733546192
11.639015067581774
1.4257462929029412
11.391769497660903
9.919392005345609
0.6196040207750313
0.6196040207750313
10.264031647829935
6.239691681958752
0.3339434743110945
0.3339434743110945
10.383402756024985
0.6123939952393033
0.6123939952393033
9.3391772492201
0.5785600479540663
0.5785600479540663
7.099092044616544
2.220446049250313e-16
2.220446049250313e-16
2.220446049250313e-16
6.239691681958752
