0.894613608280943
0.894613608280943
5.615632713180874
0.894613608280943
7.908617414029027
1.5471150551919948
8.150373134882331
7.697567764998227
1.584414024574628
1.584414024574628
9.054654406988233
5.182401910583263
8.718101873935314
8.718101873935314
1.7530527511680312
8.604188699215815
8.604188699215815
1.7530527511680312
1.9252601335112436
8.525782539225803
1.9252601335112436
2.139810199297917
6.968685645934422
1.303224239811297
6.963496190026763
1.5157442140842186
1.5157442140842186
1.5157442140842186
