7.740126843783658
5.3850085561487955
7.904786468492621
1.4664441229199066
1.4664441229199066
1.4664441229199066
7.43904668640771
1.2077221683798571
8.618466013360003
1.6310614939163948
8.370315549349602
8.163172763946456
1.2367707108437773
1.2367707108437773
9.286020158034002
5.550409528803714
1.4116362441016639
1.4116362441016639
18.794523012348396
8.672760372570838
1.4547762569966527
1.4547762569966527
1.4547762569966527
7.2322620989146245
1.1529158338223622
7.496821821485171
1.4698098005228875
1.4698098005228875
1.4698098005228875
