7.8916929301405645
5.305441314438131
8.171795213287036
1.5296480295457915
1.5296480295457915
1.5296480295457915
7.928695973148368
1.2934687157483744
8.399410673852984
1.582595843125193
8.515404320202478
7.561223186163966
1.3839181254230797
1.3839181254230797
9.196512020711815
5.208395033587364
8.794895720119056
8.794895720119056
1.5410582669405757
9.106792072124994
9.106792072124994
1.5410582669405757
1.8559840895646684
8.701881864915618
1.8559840895646684
6.014532023305496
1.207690739483235
7.019745560729748
1.1893099972506596
7.321658671518762
1.5381682774768943
1.5381682774768943
1.5381682774768943
