7.892296136093358
5.387523429450344
8.146615575361052
1.5620483457710244
1.5620483457710244
1.5620483457710244
7.854554317435259
1.3116791776596595
8.306179059196472
1.5825494256815158
8.402098780439552
7.592242675088312
1.4535026702372686
1.4535026702372686
8.999854132117772
5.299948239780613
8.75746436113073
8.75746436113073
1.6091680573692784
8.869512936698433
8.869512936698433
1.6091680573692784
1.9292503466561726
8.910896826875442
1.9292503466561726
2.2229972358840238
6.974113528791972
1.2229002952698476
7.3144350911386224
1.5680797676076181
1.5680797676076181
1.5680797676076181
