7.624427243140403
5.089036358281399
7.891542964654434
1.5156769648387054
1.5156769648387054
1.5156769648387054
7.792625301306077
1.3260094564949132
8.469767915639068
1.6476890258949684
8.11970794852712
7.572257342660448
1.396227062545204
1.396227062545204
7.968780507505838
5.208916870720716
5.922048644304969
7.623038195195242
1.1185667495552374
7.17805547222124
5.846162414026408
1.6630140502649877
1.8359582901855533
1.3848714784043115
7.041181795483736
1.194741713255111
7.129930059296142
1.5618283999955083
1.5618283999955083
1.5618283999955083
