7.650534550263262
5.3465604814263035
7.849754197793652
1.5120185376481503
1.5120185376481503
1.5120185376481503
7.3879628582363805
1.2566920363316132
8.429874464634162
1.6833297755339385
7.628412794012077
8.087416859343373
1.312736318035672
1.312736318035672
7.907595077294109
5.59135204333137
1.3892943045248154
1.3892943045248154
7.769401977502223
5.884801870310396
5.458782497177052
1.2562168658998198
7.218534411204716
1.173342009107335
7.456687451067318
1.507755457262028
1.507755457262028
1.507755457262028
