1.108854309420773
7.616219346573243
1.108854309420773
7.997386690075204
1.6083257815604222
8.07887189527192
7.676389059780273
1.3542726199663122
1.3542726199663122
9.22485173430499
5.340994158786834
9.027273399249694
9.222001102136344
1.977696914839996
7.116997178972097
9.22749486819428
9.193593873100527
1.4385321993972044
9.654366396808255
9.34848823156177
1.7778969165772145
2.065128205685173
9.23348167262503
2.1085884580215657
2.2131724418735765
6.864813081899613
1.1813062869283817
7.261695051057753
1.5233515186671702
1.5233515186671702
1.5233515186671702
