7.858153995065541
5.527420534898129
7.984160909676058
1.6132325132609946
1.6132325132609946
1.6132325132609946
7.507185892047993
1.2916161441522844
8.134069912107254
1.6747324785891413
7.761130488221345
7.29877226471427
1.7656702728581721
7.4085588866583105
7.532393591207752
5.520073884629805
1.6480292690595444
1.6480292690595444
1.6480292690595444
1.7114880418528062
1.7114880418528062
7.76848390890488
1.7304611817632418
1.7304611817632418
1.7304611817632418
5.408233436486874
1.5288945548591488
