7.674373672110212
5.401463537028675
7.80211595564505
1.566399959160585
1.566399959160585
1.566399959160585
7.431223819518939
1.3249981419295072
8.475823896423762
1.6868826486930448
8.000735636571134
8.162233288459497
1.424130306837867
1.424130306837867
7.830234951290152
5.724138178147445
1.4444222201238524
1.4444222201238524
7.694981461338617
1.5399824414036498
1.5399824414036498
7.21950185879527
1.4770873893734933
1.4770873893734933
5.298824531601087
0.9217054376679261
0.9217054376679261
0.9217054376679261
7.144026752294672
1.2459177948279903
7.310116858090167
1.5659844903885378
1.5659844903885378
1.5659844903885378
