0.7085113438014635
0.7085113438014635
5.641283533887956
0.7085113438014635
7.921732078756198
1.5067702148119937
8.223622274831076
7.486437448373524
1.4189226475958983
1.4189226475958983
9.655735185729512
5.082299403258847
8.999734663271907
9.290230192879717
1.9968235876749598
7.063402282496304
9.162488579552644
9.229482677122883
1.4358953137867285
9.392966191263872
9.1079427300897
1.8602834550825755
2.027696960953252
8.873500080632438
2.0751229815854555
2.163290667491907
6.744306987295442
1.2611465014277634
6.9474598177866405
1.5241123977077369
1.5241123977077369
1.5241123977077369
