7.657762790577445
5.332815853619863
7.7957096880303
1.56402069386553
1.56402069386553
1.56402069386553
7.475041947297729
1.2998696709724402
8.500109475933135
1.64154524328913
8.036193386113057
8.22054636556467
1.4021240318067176
1.4021240318067176
7.890714844156584
5.575735382878364
1.419654104026813
1.419654104026813
7.764724521765056
1.5083865715644653
1.5083865715644653
7.356863933114914
1.4486813296208934
1.4486813296208934
5.394600214491828
0.880674990908549
0.880674990908549
0.880674990908549
7.3109171510366995
1.2236913717672102
7.431024677098295
1.5263468741566493
1.5263468741566493
1.5263468741566493
