5.66969949242
9.37412263911
2.32799063017
4.16721900719
4.16721900719
4.16721900719
4.30339977018
2.93356754106
4.57993848475
4.58498090018
3.55583951171
5.96873044127
3.8328205749
3.8328205749
6.88718624143
8.9302984639
6.69887898933
8.29513984151
5.23579794113
6.62989389549
8.13099103408
7.88716936494
3.7822579784
7.15752114972
7.09985754592
6.52574703119
5.23033163195
6.42335015012
5.09039096941
3.43997027749
3.57066285993
2.04234256769
2.05112096404
4.61302985009
4.61302985009
4.61302985009
