7.841032992150077
5.343954253600939
8.10121447745625
1.4713497451176998
1.4713497451176998
1.4713497451176998
7.826882002722296
1.2806800782112366
8.311243719508104
1.6071640327568533
8.202127284225172
7.63195570313551
1.4026459253131394
1.4026459253131394
8.479165130436018
5.375584944067105
7.383852290943572
8.576087388430704
8.22808669638257
6.64512048891844
1.8372877316453269
2.0396208146951516
1.6045828242840143
6.976657993266939
1.2058549545828068
7.226246605889391
1.5712051698746383
1.5712051698746383
1.5712051698746383
