7.816664030750535
5.383035073459252
8.080169119527497
1.4791205020045322
1.4791205020045322
1.4791205020045322
7.739592653865327
1.2783069939881107
8.26127056473633
1.5886706021335262
8.198381379583077
7.6951301234248985
1.4023692443358498
1.4023692443358498
8.492400710137927
5.381502673254264
7.404449750017441
8.593897192397124
8.240511378073721
6.639869119192935
1.8409588525351064
2.046049376330451
1.6163917538836878
7.017371864690402
1.2017766393011253
7.341026980923481
1.533316570267141
1.533316570267141
1.533316570267141
