8.13071267906
6.5186920043
8.12083906149
1.77510233748
1.77510233748
1.77510233748
6.77373690206
1.35436355436
7.41961909053
2.01738534332
1.88020053763
3.12660576846
4.10359217221
4.10359217221
8.93996675517
5.78377303023
9.16320041658
8.19674086395
2.6878161714
1.13954683732
9.81821199895
6.36271842529
5.69995172355
8.10812419904
3.95659016427
6.30636459278
4.71193451333
8.51648892702
3.55630938892
5.1324933133
9.73073454866
1.55817001997
1.83109393272
3.83933968729
3.83933968729
3.83933968729
