7.792672989875551
5.4523141472106245
8.00181754584667
1.771853434877758
1.771853434877758
1.771853434877758
7.507838672565079
1.378588573791411
8.47653429182623
1.7478455861216196
7.964129516695878
8.216895136294642
1.6944257563237193
1.6944257563237193
7.588116263181342
5.67145006200628
1.9091851646046902
7.637340220149696
7.637340220149696
1.5613840154372056
1.5613840154372056
1.5613840154372056
1.5613840154372056
1.5613840154372056
1.5613840154372056
7.373984516595648
1.2960925283384537
7.608497045755038
1.7422792882642009
1.7422792882642009
1.7422792882642009
