7.004088516061227
4.910755324814786
7.917939088375641
2.8017948258420646
2.8017948258420646
2.8017948258420646
6.156746464309651
0.1425144497448419
7.391788723254924
1.9167436588874107
9.440798440466905
5.9523423353303455
1.3996980077020555
1.3996980077020555
21.790547484845753
4.948907003576871
10.651454412171846
2.5403742939139864
4.962281728219337
4.962281728219337
4.962281728219337
-1.493600001252344e-15
10.864106517873962
6.5045176956647515
2.2101788703801994
2.2101788703801994
2.2101788703801994
