1.018933136052752
1.018933136052752
5.2891302162785045
1.018933136052752
7.979660388202311
1.6853843666443862
7.608105179031465
8.035934759931427
1.760011371946366
7.0284842588724485
7.4560730447468355
5.511545978169953
1.6734958203453625
1.6734958203453625
1.6734958203453625
1.7527637430144765
1.7527637430144765
7.453734242068876
1.7130694136732427
1.7130694136732427
1.7130694136732427
7.112525848629045
1.3456406790682658
7.139856846862552
1.5710819735954369
1.5710819735954369
1.5710819735954369
