7.815794333259248
5.513662627332973
7.998103215410417
1.7755102612395555
1.7755102612395555
1.7755102612395555
7.47373984947865
1.3748753331417454
8.433529609457164
1.7237236534214575
7.951685736896312
8.168758854668063
1.7085059203809474
1.7085059203809474
7.59083428871933
5.800220466701365
1.9135593872483558
7.640625039999899
7.640625039999899
1.5696693277733873
1.5696693277733873
1.5696693277733873
1.5696693277733873
1.5696693277733873
1.5696693277733873
7.237392746110213
1.332082007852326
7.4789134926752645
1.771423499262158
1.771423499262158
1.771423499262158
