7.676790575209182
5.339276601724275
7.786886734614733
1.5600872104393728
1.5600872104393728
1.5600872104393728
7.497335053614883
1.2908034279711849
8.519607754131473
1.627871150640945
8.034418360279215
8.230964635166217
1.35065022531976
1.35065022531976
7.926259303942826
5.580545689280881
1.3578161531711697
1.3578161531711697
7.507732747646795
1.358547123035734
1.358547123035734
7.4183428103894675
1.1308319501325468
8.25843646361889
6.36285678033744
6.36285678033744
0.7158658611047481
0.7158658611047481
0.7158658611047481
0.7158658611047481
7.32404567789828
1.2246110169087978
7.445764571583484
1.5388300300937856
1.5388300300937856
1.5388300300937856
