7.823979758231016
5.483526954013799
7.984736502827712
1.6383113233908593
1.6383113233908593
1.6383113233908593
7.475264249372243
1.3126496260449454
8.36448252119335
1.7235642040648793
7.822848342249259
7.947585626951184
1.76490915142314
7.379208681658406
7.568668171853806
5.624236483396409
1.6312144797868813
1.6312144797868813
1.6312144797868813
1.6987454140106293
1.6987454140106293
7.781389809683545
1.720754772670339
1.720754772670339
1.720754772670339
7.181602302203041
1.273269075197352
7.4933364631096495
1.6355984060988211
1.6355984060988211
1.6355984060988211
