0.8547996132097133
0.8547996132097133
5.109955932455155
0.8547996132097133
7.89009667992921
1.6128659952189743
7.52416736050067
8.325155297535693
1.3879362654709342
1.3879362654709342
7.6733308492274785
5.492558484954186
1.4893714742373731
1.4893714742373731
7.2332776342579885
1.4284212105743141
1.4284212105743141
7.210648784992228
1.1745354155749061
8.050202786528391
6.2932374708491885
6.2932374708491885
0.8101617296376966
0.8101617296376966
0.8101617296376966
0.8101617296376966
7.2226951948712035
1.3355847330987838
7.1285400252271565
1.4807735814336662
1.4807735814336662
1.4807735814336662
