7.722759465029409
5.409921442497691
7.919665479541569
1.543242591426429
1.543242591426429
1.543242591426429
7.441477820605321
1.267867643635745
8.462823204576964
1.6962555528891137
7.944193697208027
8.152738013466978
1.391262905884521
1.391262905884521
7.821330553302431
5.628977876971852
1.4482034358867817
1.4482034358867817
7.878583939352879
1.5717969121219286
1.5717969121219286
7.831447196199317
1.7031840716865245
1.7031840716865245
7.826557178539488
1.4204420780820224
1.4204420780820224
7.277250987002912
1.1819565084277879
7.5415129818541615
1.5219689629938262
1.5219689629938262
1.5219689629938262
