7.846596808212639
5.271827204023302
8.114187167675395
1.328727348250796
1.328727348250796
1.328727348250796
7.85708928771035
1.206686981548311
8.265997104424548
1.5151377245878366
8.262676333814516
7.298215233708281
1.1844197493289974
1.1844197493289974
9.435368086795512
5.128355232557901
9.084637613519527
9.296390859379413
1.9083030017460136
7.168734220593909
9.29942264879121
9.213092566163251
1.4200726551017033
9.706311404059639
9.392474760641567
1.698385195326661
2.061328324274598
9.23567270765166
2.0685265677626177
2.2158406442902385
6.696623757739965
1.1694069715917184
7.209011301456443
1.6081832732892722
1.6081832732892722
1.6081832732892722
