7.882726378766789
5.320232846531366
8.1583706904517
1.5601334976107553
1.5601334976107553
1.5601334976107553
7.901162510987935
1.3181997100950433
8.359333984120248
1.6117720276955534
8.411188484727395
7.573259096429438
1.444995748306992
1.444995748306992
8.99928117770148
5.229977218781539
8.750186174103158
8.750186174103158
1.601686587720048
8.869010645383634
8.869010645383634
1.601686587720048
1.9281835953720057
8.91201343237506
1.9281835953720057
2.2217314991501995
7.026467018663349
1.2099243336500014
7.329183213376583
1.5646648389150428
1.5646648389150428
1.5646648389150428
