7.789757034595256
5.514609595924011
7.913725973675144
1.515180338680513
1.515180338680513
1.515180338680513
7.456071245539388
1.2335906107506174
8.155983603174384
1.612934037897972
7.863139110328468
7.442924389893156
1.4335099041094832
1.4335099041094832
7.759172854733437
5.60011423733383
1.4528986969737612
1.4528986969737612
7.838627986389738
1.5788364145253804
1.5788364145253804
7.7953989251979
1.6922252612860507
1.6922252612860507
7.81418397706902
1.417671315091526
1.417671315091526
5.4084621588086605
1.4949039897908813
