0.7940002221204219
0.7940002221204219
5.684168684389504
0.7940002221204219
8.022674760192805
1.5263314096595215
8.394439850561493
7.662969790594903
1.530374908502094
1.530374908502094
9.384231623968383
5.172104625938924
8.82875688873803
8.82875688873803
1.6975299817204041
8.943481221862504
8.943481221862504
1.6975299817204041
1.8580112798659651
8.654608340639422
1.8580112798659651
5.959579004209509
1.1807998986426265
6.943014521176457
1.2831619369510223
6.925322000839221
1.4938402692794348
1.4938402692794348
1.4938402692794348
