8.451990827934164
5.636836197845159
8.699338203211937
1.152473417512533
1.152473417512533
1.152473417512533
8.446389500345372
1.1347373158806233
9.524718582899508
1.5100422865698515
9.233269932015487
8.789418487461361
1.0099412989963883
1.0099412989963883
9.712405107693744
6.199008818847048
9.363011853028029
9.469896136074123
1.8527919414383818
7.313047423424743
9.490717983079149
9.16915794706074
1.3962994299808718
10.169877022771367
9.623689282631405
1.4549891926242366
2.0715759714184196
9.64489094892904
2.1068426476965554
2.2646456134125974
6.199008818847048
