7.73235272040772
5.457980577456268
7.900237094329644
1.522452226620845
1.522452226620845
1.522452226620845
7.396904266299408
1.2584534205039242
8.359144466002382
1.682452618787907
7.715508538309181
8.051567480061852
1.3238375459719653
1.3238375459719653
8.023819725069687
5.739517183874294
1.4565576380459264
1.4565576380459264
8.153817686737131
5.712924615550322
7.618975186225094
1.3011854533304252
1.3011854533304252
7.096260151147976
1.2173504374365136
7.379263898127989
1.5521401517998947
1.5521401517998947
1.5521401517998947
