7.938415552323315
5.4180199924789525
8.148666956809581
1.4727101977724553
1.4727101977724553
1.4727101977724553
7.933652494901202
1.2442314323804338
8.118553661798384
1.4963733233287198
8.429752639861348
6.935598299172686
1.382580563863901
1.382580563863901
9.212441062099654
5.158438939071009
8.792905897412616
8.792905897412616
1.5441064862333
9.08329650088466
9.08329650088466
1.5441064862333
1.83636701994885
8.705443283726972
1.83636701994885
5.989818900151934
1.18673359094709
5.247010312383026
1.4041475978124025
