8.394523178645164
5.7899535363664345
8.596227055231154
1.4733735752139596
1.4733735752139596
1.4733735752139596
8.117616280765413
1.2594045933340923
9.806152545805043
1.747672670852901
8.341600116838428
10.08062808844519
1.3547188363472271
1.3547188363472271
8.047422990686695
6.930546390614785
1.397737600980878
1.397737600980878
7.992543729846865
1.5383689606752564
1.5383689606752564
7.974496225580522
1.6671489039314127
1.6671489039314127
8.054750685048933
1.4442783772397254
1.4442783772397254
6.930546390614785
