7.751034793623928
5.452552283370459
7.800344119771089
1.5447411481333317
1.5447411481333317
1.5447411481333317
7.519752087307103
1.2872719707858282
8.176015004521691
1.6161100580112358
7.884039421274481
7.394240833690119
1.4075239630648764
1.4075239630648764
7.789738738315745
5.556987161716822
1.3909878860737794
1.3909878860737794
7.3957509235656405
1.3938792678581229
1.3938792678581229
7.317768935864783
1.140558971391048
8.165836656363025
6.333808592838747
6.333808592838747
0.7496212540861287
0.7496212540861287
0.7496212540861287
0.7496212540861287
5.340188550387301
1.45111679475158
