7.729866616596281
5.443548906313593
7.807125984958748
1.5421328646956454
1.5421328646956454
1.5421328646956454
7.4975979717265115
1.2925567610324193
8.147994450290524
1.6273317245827768
7.86929838474751
7.3853587549253215
1.4643342951139116
1.4643342951139116
7.72690390561593
5.547976378144163
1.458130419693243
1.458130419693243
7.630891068224842
1.5580674366748517
1.5580674366748517
7.156763088760362
1.4845368049550356
1.4845368049550356
5.271051412763127
0.9317602196282043
0.9317602196282043
0.9317602196282043
5.339620555534213
1.4464180781023857
