6.926948450848252
4.947410683020249
7.778651113693889
2.4048045074244415
2.4048045074244415
2.4048045074244415
6.006147813774218
0.18983380510824197
7.48352859166483
0.6427076962454012
9.794734652317718
6.087337859264596
1.5431666769134957
1.5431666769134957
21.480865865171616
5.146718276262746
10.960385055842318
2.5023357477172037
4.6548919541784315
4.6548919541784315
4.6548919541784315
0.8102191233055877
9.723666397420912
7.005354936505141
2.4597314947869315
2.4597314947869315
2.4597314947869315
