7.706063213119533
5.446358995122901
7.879074904811464
1.51146669379211
1.51146669379211
1.51146669379211
7.370286722144234
1.2612608518096182
8.335940664449243
1.6786235354979604
7.576514248333963
8.035839718824244
1.3434760137999155
1.3434760137999155
7.833724641135029
5.737250425436093
1.4460354200515917
1.4460354200515917
7.522272854417379
5.818245487227336
5.406821333830957
1.514185220248897
7.085064105301606
1.2211704925545754
7.35931170850721
1.5494383973921855
1.5494383973921855
1.5494383973921855
