7.72275771345115
5.409920042035813
7.919663451089885
1.5432430387839078
1.5432430387839078
1.5432430387839078
7.441477290823523
1.2678683968101505
8.462821787366286
1.6962557605616753
7.944194392203185
8.152739502591063
1.3912630253312899
1.3912630253312899
7.821332343712766
5.628976812201736
1.4482030133376163
1.4482030133376163
7.87858583090797
1.5717975800579453
1.5717975800579453
7.831446738591374
1.7031841483404846
1.7031841483404846
7.8265567607612505
1.4204423689426766
1.4204423689426766
7.277248784692998
1.1819589318400523
7.541511783514834
1.5219699560318039
1.5219699560318039
1.5219699560318039
