7.676458750756606
5.253191034939117
7.871765075603099
1.4995815628119478
1.4995815628119478
1.4995815628119478
7.707802476876853
1.2927446020256983
8.377523323756119
1.6208193170253606
8.115122518698383
7.71119043247451
1.3803000723742107
1.3803000723742107
7.972016031925425
5.321663940025283
5.967515211403357
7.580724973253944
1.1291712523769921
7.226548427058586
5.848642994577843
1.6374514318675542
1.844632511416977
1.3828318517450156
6.994602217483522
1.20677335568064
7.134028022155364
1.539364623894833
1.539364623894833
1.539364623894833
