0.8940033009199
0.8940033009199
5.111030662259716
0.8940033009199
7.855237685582128
1.62761585969627
7.495767877314653
8.302717796144591
1.452535562138256
1.452535562138256
7.57842622133522
5.486227105185232
1.558271140506495
1.558271140506495
7.3747189339685155
1.5746910118456912
1.5746910118456912
6.984166028479272
1.5144097862939567
1.5144097862939567
5.111613716281074
0.9503429852362805
0.9503429852362805
0.9503429852362805
7.212955548776579
1.3428411082045129
7.1178608495799915
1.4782333782372774
1.4782333782372774
1.4782333782372774
