7.819291769876898
5.422370161858954
7.997728353373925
1.6329302131339103
1.6329302131339103
1.6329302131339103
7.53672497123697
1.3112507286419703
8.422330662402011
1.7472370057281181
7.8393291994224406
7.9430126174016245
1.7548258476997063
7.372886849665159
7.569185249318129
5.542704217719787
1.62356851406244
1.62356851406244
1.62356851406244
1.6951155164687983
1.6951155164687983
7.777135824172855
1.7153101424612813
1.7153101424612813
1.7153101424612813
7.245759526616197
1.2526599890456747
7.515095289883026
1.6282902107788506
1.6282902107788506
1.6282902107788506
