7.868275861462382
5.369747434383303
8.069704848737016
1.2433138321390789
1.2433138321390789
1.2433138321390789
7.8304144387477725
1.1348123487799506
7.967429896435398
1.4093818806220637
8.147994312811537
6.698055291458955
1.126647206497016
1.126647206497016
9.440073020730539
5.080089047567329
9.044236897168823
9.349899078047569
1.8830319932693083
7.141027512461823
9.297545827740793
9.26835281693217
1.3835363290721037
9.71249406388799
9.372728499370893
1.6563623304589212
2.014759459193549
9.210703528556124
2.0745679145518365
2.184180067802188
5.024003386902547
1.3637998677457006
