1.2628539563546681
7.010217145255983
1.2628539563546681
8.195305873538835
1.7804243063964367
7.900644871676766
8.460413632492298
1.4779464300700373
1.4779464300700373
7.871441613325494
5.839133630149283
1.4851229746475156
1.4851229746475156
7.837817727270759
1.6082932537838903
1.6082932537838903
7.835206354547464
1.7080853258959299
1.7080853258959299
7.820632339010001
1.4249216920609418
1.4249216920609418
7.388393623990863
1.2251849846010794
7.50083226081897
1.480430358329813
1.480430358329813
1.480430358329813
