0.8481656065660419
0.8481656065660419
5.15227595391622
0.8481656065660419
7.989758404163508
1.6250061878619992
7.685493140000161
8.248456737329002
1.4322834422221402
1.4322834422221402
7.84171277093162
5.5167968238350245
1.5589830981517372
1.5589830981517372
7.787632450056553
1.6060682462846205
1.6060682462846205
7.753691390647774
1.7349288358551505
1.7349288358551505
7.606734682549191
1.4113760396909054
1.4113760396909054
7.196384472442319
1.3141538770871195
7.178941970331018
1.4627311813579151
1.4627311813579151
1.4627311813579151
