7.757959732416999
5.440726651743988
7.9015165861463865
1.4696401031608137
1.4696401031608137
1.4696401031608137
7.4080002059749495
1.2058088016993382
8.582990280174855
1.6164454725278974
8.357665560920942
8.110711700915186
1.248602096763458
1.248602096763458
9.288290197751296
5.682244281617152
1.4131303359822414
1.4131303359822414
18.828793495660836
8.689833421312407
1.4531602516245996
1.4531602516245996
1.4531602516245996
7.092808940181903
1.187558216632662
7.366712037111114
1.509666133020726
1.509666133020726
1.509666133020726
