status    0
success    True
njev    84
nfev    2857
fun    0.00103538667412
x    [ 0.96877292  0.96877292 -2.60223102  0.96877292 -0.30408991  0.50253859
 -0.78338261  0.84990748  0.41145882  0.41145882 -0.59709035 -0.46743048
  0.31945572  0.31945572 -0.13174758  0.21513272  0.21513272 -0.65300941
  0.46397633  0.75951405 -0.78625267 -0.78625267  0.43428424  0.43428424
  0.43428424  0.43428424 -0.76580929  0.40273253  0.02127661  0.11393338
  0.11393338  0.11393338]
message    Optimization terminated successfully.
jac    [ -1.20204641e-06   0.00000000e+00  -9.28033842e-07   0.00000000e+00
   1.57230534e-06  -9.59247700e-07  -2.60282832e-06  -1.30047556e-06
   1.29148248e-07   0.00000000e+00   1.52866414e-06  -7.14906491e-07
  -2.70971213e-07   0.00000000e+00  -2.19696085e-06   1.14938302e-06
   0.00000000e+00   7.84755684e-07   2.73852493e-07   1.71009742e-06
   4.23300662e-07   0.00000000e+00   2.73222395e-06   0.00000000e+00
   0.00000000e+00   0.00000000e+00   2.01645889e-07   4.07308107e-07
   1.00117177e-07  -7.05971615e-07   0.00000000e+00   0.00000000e+00]
nit    84

0.968772924124
0.968772924124
-2.60223101587
0.968772924124
-0.304089911113
0.502538588518
-0.78338260807
0.849907476052
0.411458821668
0.411458821668
-0.597090348222
-0.467430481189
0.319455715074
0.319455715074
-0.1317475787
0.21513271652
0.21513271652
-0.653009412758
0.463976334495
0.759514047623
-0.786252672841
-0.786252672841
0.434284244004
0.434284244004
0.434284244004
0.434284244004
-0.765809286336
0.402732527237
0.0212766108849
0.113933382738
0.113933382738
0.113933382738
