status    9
success    False
njev    101
nfev    3839
fun    0.000802153295614
x    [ 0.39751043 -0.4583559  -0.21355522  0.0914669   0.0914669   0.0914669
 -0.34336485  0.22503756 -0.01531877  0.09968818 -0.42544385  0.96329142
  0.19001797  0.19001797 -0.44504561 -0.60302098  0.22964902  0.22964902
 -0.24827616  0.22296841  0.22296841 -0.54526913  0.41920547  0.68499032
 -0.78421556 -0.78421556  0.42610555  0.42610555  0.42610555  0.42610555
 -0.82143457  0.39179936 -0.09554425  0.11248132  0.11248132  0.11248132]
message    Iteration limit exceeded
jac    [  1.23834616e-06   1.43183570e-07  -3.33139178e-06   1.95411849e-06
   5.82076609e-11   5.82076609e-11   9.51447873e-07   1.13752321e-07
  -3.27383896e-06   7.29865860e-07  -7.81146809e-07   4.50992957e-07
   1.59998308e-07   5.82076609e-11  -8.42279405e-07  -1.08872337e-06
   8.96041456e-07   5.82076609e-11   2.76908395e-07   1.03867205e-06
   5.82076609e-11   2.13227759e-06   1.34328729e-07   1.94439053e-06
   9.93830326e-07   5.82076609e-11   5.66138624e-06   5.82076609e-11
   5.82076609e-11   5.82076609e-11  -2.84046109e-06  -4.52258973e-07
   9.89384716e-08  -6.11129508e-06   5.82076609e-11   5.82076609e-11
   0.00000000e+00]
nit    101

0.397510433865
-0.458355903705
-0.213555219978
0.091466896606
0.091466896606
0.091466896606
-0.343364847466
0.225037559394
-0.0153187652513
0.0996881762295
-0.42544384781
0.963291424049
0.190017972855
0.190017972855
-0.445045608867
-0.603020981061
0.229649018198
0.229649018198
-0.248276156063
0.222968409123
0.222968409123
-0.545269125606
0.419205465084
0.684990321414
-0.784215563285
-0.784215563285
0.426105546983
0.426105546983
0.426105546983
0.426105546983
-0.821434568264
0.391799364357
-0.0955442454165
0.112481324522
0.112481324522
0.112481324522
