status    0
success    True
njev    77
nfev    2080
fun    0.000494399403674
x    [ 0.73919083 -0.52968071 -0.61071873  0.16985154  0.16985154  0.16985154
 -0.61493695  0.28582253  0.18988641  0.01429119 -0.04850327  0.67564408
  0.04569736  0.04569736  0.53365595 -0.52666513 -0.4676224  -0.54211766
  0.40915056 -0.6416605   0.34996276 -0.13741059  0.10692077  0.10692077
  0.10692077]
message    Optimization terminated successfully.
jac    [ -1.09229586e-06  -4.29863576e-08   1.03251659e-06  -4.95834684e-07
  -1.45519152e-11  -1.45519152e-11   1.22774509e-07  -3.43563443e-07
  -6.08524715e-07  -3.03472916e-07   5.10702375e-06  -7.93254003e-07
  -1.54028385e-06  -1.45519152e-11  -1.59295450e-06   3.95593815e-08
   9.88075044e-09  -1.05770596e-07   4.60131560e-08  -5.63493813e-07
  -5.16694854e-07   3.03560228e-06  -1.23764767e-06  -1.45519152e-11
  -1.45519152e-11]
nit    77

0.739190831227
-0.529680708982
-0.610718732982
0.169851540056
0.169851540056
0.169851540056
-0.614936953008
0.285822528105
0.189886411193
0.0142911857267
-0.0485032720313
0.675644081501
0.0456973551448
0.0456973551448
0.533655945339
-0.526665129544
-0.467622404147
-0.542117662263
0.409150558838
-0.641660499355
0.349962757913
-0.13741058924
0.10692077375
0.10692077375
0.10692077375
