status    0
success    True
njev    81
nfev    1782
fun    0.000630421442496
x    [ 0.77267921 -0.54501913 -1.02081443  0.26438479  0.26438479  0.26438479
 -0.81017751  0.29659807  1.01464299 -0.26186604 -0.49249241  0.59235381
  0.08985568  0.08985568  0.64455089 -0.7309393  -0.51106296 -0.55088738
  0.36050776 -0.7309393 ]
message    Optimization terminated successfully.
jac    [ -6.39018253e-07  -2.54447514e-07   1.64951052e-06  -7.49416358e-07
   0.00000000e+00   0.00000000e+00  -9.04619810e-08   3.60960257e-08
   5.52507117e-07  -4.46161721e-08  -7.92781066e-07  -1.69304258e-07
   2.28115823e-07   0.00000000e+00   2.18933565e-07   7.10861059e-08
   4.13274392e-09   3.09519237e-08  -1.73167791e-09   0.00000000e+00]
nit    81

0.772679205469
-0.54501912951
-1.02081443367
0.264384785904
0.264384785904
0.264384785904
-0.81017750651
0.296598073964
1.01464298963
-0.261866037706
-0.492492405063
0.592353813316
0.089855678196
0.089855678196
0.644550888485
-0.730939299531
-0.511062957237
-0.550887375899
0.360507759691
-0.730939299531
