status    0
success    True
njev    85
nfev    1956
fun    0.000402467576921
x    [ 0.43232312 -0.43962236 -0.35056656  0.1192886   0.1192886   0.1192886
 -0.43383871  0.23157307  0.41158353 -0.01505099 -0.22846906  0.48189524
  0.08651147  0.08651147  0.58683323 -0.47747336 -0.47498527 -0.53839436
  0.4034958  -0.53961568  0.4194236 ]
message    Optimization terminated successfully.
jac    [ -9.45110514e-08  -3.79550329e-08   2.61690730e-07  -1.18783646e-07
   7.27595761e-12   7.27595761e-12   6.14854798e-08  -1.01499609e-09
  -3.15551006e-07   7.23812263e-08   3.50148184e-07   7.02711986e-08
  -8.63983587e-08   7.27595761e-12  -8.12651706e-08  -4.21641744e-09
   6.78483048e-09  -9.70976544e-09   8.23274604e-09   1.06592779e-08
  -9.93895810e-09]
nit    85

0.432323119841
-0.439622359722
-0.350566559911
0.119288599931
0.119288599931
0.119288599931
-0.433838713912
0.231573071557
0.411583533942
-0.0150509917836
-0.228469055829
0.481895243611
0.0865114734631
0.0865114734631
0.586833231248
-0.477473358662
-0.474985271281
-0.538394356465
0.403495797544
-0.539615678518
0.419423601623
