status    0
success    True
njev    81
nfev    2189
fun    0.000520428837768
x    [ 0.45317733 -0.45512825 -0.33248548  0.1114788   0.1114788   0.1114788
 -0.4368061   0.22109868  0.29614448 -0.02713016 -0.10645055  0.64817445
  0.05159704  0.05159704  0.53636923 -0.52459019 -0.46587763 -0.53853668
  0.40714585 -0.64863616  0.35011627 -0.137819    0.10786781  0.10786781
  0.10786781]
message    Optimization terminated successfully.
jac    [  8.18588887e-07   1.59539923e-07  -1.46657112e-06   4.95943823e-07
   2.18278728e-11   2.18278728e-11  -1.00928446e-06  -3.04004061e-07
  -4.25789040e-08  -7.99664122e-07   4.97482688e-06  -1.48462277e-06
  -2.24162795e-06   2.18278728e-11  -1.58618786e-06   3.18264938e-07
   9.43160558e-07  -9.64580977e-07  -8.36022082e-07   8.15358362e-07
   4.35102265e-09   2.31566810e-06   6.79574441e-09   2.18278728e-11
   2.18278728e-11]
nit    81

0.453177332284
-0.455128252618
-0.332485484176
0.111478801504
0.111478801504
0.111478801504
-0.436806100607
0.221098675083
0.296144482761
-0.0271301596084
-0.106450549128
0.648174454462
0.0515970374569
0.0515970374569
0.536369230366
-0.52459019317
-0.465877630558
-0.538536676782
0.407145854914
-0.648636156592
0.350116270702
-0.137819002767
0.107867808669
0.107867808669
0.107867808669
