status    0
success    True
njev    82
nfev    2297
fun    0.000577166716328
x    [ 0.80240575 -0.54450749 -0.72273238  0.19632082  0.19632082  0.19632082
 -0.65397415  0.2981441   0.25151556  0.01158265 -0.37950129  0.70596778
  0.11515508  0.11515508  0.69331765 -0.53677038 -0.49354623 -0.93499694
  0.40397555  0.40397555 -0.66412808  0.36501872 -0.1961469   0.12370931
  0.12370931  0.12370931]
message    Optimization terminated successfully.
jac    [ -1.32196874e-07  -3.05524736e-07   1.06975494e-06  -5.08051016e-07
   0.00000000e+00   0.00000000e+00  -1.07021333e-06  -1.57211616e-07
   2.04935350e-06  -1.18867320e-06   5.11939288e-06  -6.29079295e-07
  -1.90773426e-06   0.00000000e+00  -4.39489668e-07  -2.06113327e-07
  -3.85145540e-07  -1.40310294e-06   2.61701643e-07   0.00000000e+00
  -6.36449840e-07  -1.94871973e-07   1.39135227e-06  -5.81640052e-07
   0.00000000e+00   0.00000000e+00]
nit    82

0.802405750037
-0.544507486949
-0.722732381613
0.196320815585
0.196320815585
0.196320815585
-0.653974146992
0.298144098313
0.251515556095
0.0115826500912
-0.379501294192
0.705967778622
0.115155077573
0.115155077573
0.69331764842
-0.536770382911
-0.493546228206
-0.934996943186
0.403975554401
0.403975554401
-0.664128079303
0.365018724185
-0.196146896886
0.123709307925
0.123709307925
0.123709307925
