status    0
success    True
njev    86
nfev    2410
fun    0.000598673540651
x    [ 0.77699184 -0.53108827 -0.70471597  0.19335832  0.19335832  0.19335832
 -0.65660872  0.3017945   0.31737413  0.01049948 -0.3577462   0.43019914
  0.10811257  0.10811257  0.69066123 -0.45313445 -0.49290875 -0.93668425
  0.40453309  0.40453309 -0.45646181  0.28686495 -0.05054457  0.07338048
  0.07338048  0.07338048]
message    Optimization terminated successfully.
jac    [  1.36293238e-07  -6.15284080e-07   3.22973938e-06  -1.19851757e-06
   0.00000000e+00   0.00000000e+00  -1.68338738e-06  -6.49451977e-08
   1.07650703e-06  -9.98050382e-07   6.04437082e-06  -5.83073415e-07
  -2.22182280e-06   0.00000000e+00  -8.79619620e-07  -3.64838343e-07
  -3.47747118e-07  -1.69724808e-06   2.83042027e-07   0.00000000e+00
  -3.93934897e-07  -4.45412297e-07   1.60971103e-06  -7.65190634e-07
   0.00000000e+00   0.00000000e+00   0.00000000e+00]
nit    86

0.77699184307
-0.531088269328
-0.704715972113
0.193358320106
0.193358320106
0.193358320106
-0.656608717741
0.301794502712
0.31737412608
0.0104994804872
-0.357746203533
0.430199144953
0.108112565344
0.108112565344
0.690661233393
-0.453134453013
-0.492908750168
-0.936684245618
0.404533094906
0.404533094906
-0.456461809475
0.28686495059
-0.0505445683204
0.0733804757352
0.0733804757352
0.0733804757352
