status    0
success    True
njev    82
nfev    1886
fun    0.000726798857528
x    [ 0.78130106 -0.54399465 -1.06007304  0.27425554  0.27425554  0.27425554
 -0.81869271  0.29886349  1.01008116 -0.26746454 -0.47189306  0.59783052
  0.06818103  0.06818103  0.69775133 -0.73514571 -0.5350183  -0.90261088
  0.36254118  0.36254118 -0.73514571]
message    Optimization terminated successfully.
jac    [ -5.02368493e-07  -1.99499482e-07   1.30206899e-06  -5.94249286e-07
   0.00000000e+00   0.00000000e+00  -1.36053131e-07   2.98023224e-08
   8.25391908e-07  -1.30334229e-07  -9.99032636e-07  -2.26609700e-07
   2.81186658e-07   0.00000000e+00   2.92522600e-07   8.09159246e-08
  -1.01426849e-08   2.33412720e-08   1.73386070e-08   0.00000000e+00
   0.00000000e+00]
nit    82

0.781301063025
-0.543994648313
-1.06007304161
0.274255542298
0.274255542298
0.274255542298
-0.818692707933
0.29886348964
1.01008116339
-0.267464539794
-0.47189305949
0.597830515196
0.0681810272548
0.0681810272548
0.697751328287
-0.735145705985
-0.535018302421
-0.902610884174
0.362541177381
0.362541177381
-0.735145705985
