status    0
success    True
njev    66
nfev    1519
fun    0.000665312298249
x    [ 0.31147984 -0.81611308  0.31147984  0.31213022  0.00261572 -0.36461862
  0.4450387   0.1061122   0.1061122   0.67973767 -0.47240893 -0.49772639
 -0.92006503  0.39811283  0.39811283 -0.41628484  0.28105167 -0.18296134
  0.10606484  0.10606484  0.10606484]
message    Optimization terminated successfully.
jac    [ -6.72589522e-08  -9.96755261e-07   7.27595761e-12   5.09717211e-06
  -1.52464781e-06  -1.61292701e-06  -1.23792415e-06   1.16713636e-07
   7.27595761e-12   7.37330993e-07   1.01281330e-07  -2.23582902e-07
  -4.59935109e-07   1.28056854e-07   7.27595761e-12   1.94733730e-07
   1.79221388e-07  -7.64710421e-07   3.96576070e-07   7.27595761e-12
   7.27595761e-12]
nit    66

0.311479840889
-0.816113083233
0.311479840889
0.312130224768
0.0026157244281
-0.364618617343
0.445038704786
0.106112196203
0.106112196203
0.679737668643
-0.472408930009
-0.497726389513
-0.920065033668
0.398112828477
0.398112828477
-0.416284843233
0.281051670682
-0.182961341047
0.106064837866
0.106064837866
0.106064837866
