status    0
success    True
njev    85
nfev    2041
fun    0.00116965255797
x    [ 0.86001475  0.86001475 -2.32048135  0.86001475 -0.00655084  0.32989639
 -0.80718348  0.79307177  0.32819983  0.32819983  0.80177168 -0.49931344
 -0.47519275 -0.87336515  0.41045164  0.41045164 -0.57398156  0.32120118
 -0.1957921   0.14952416  0.14952416  0.14952416]
message    Optimization terminated successfully.
jac    [  2.27271812e-07   0.00000000e+00   1.17608579e-07   0.00000000e+00
  -3.58995749e-08  -1.21508492e-08  -8.22910806e-08  -8.63947207e-08
  -4.59549483e-08   0.00000000e+00  -1.00597390e-07  -1.12675480e-07
   2.89728632e-08   1.25481165e-07   1.79134076e-08   0.00000000e+00
  -7.91915227e-08   9.64791980e-09   3.30968760e-07  -2.58107320e-07
   0.00000000e+00   0.00000000e+00]
nit    85

0.860014745984
0.860014745984
-2.32048134976
0.860014745984
-0.00655083527772
0.329896392213
-0.807183483623
0.793071765493
0.328199829268
0.328199829268
0.801771679239
-0.499313443007
-0.475192754489
-0.873365153254
0.41045164299
0.41045164299
-0.573981560588
0.32120118257
-0.195792101223
0.149524159747
0.149524159747
0.149524159747
