status    0
success    True
njev    86
nfev    2410
fun    0.000607138946903
x    [ 0.46551844 -0.45796404 -0.36605717  0.11950092  0.11950092  0.11950092
 -0.44439461  0.22490442  0.35373895 -0.02593964 -0.47301142  0.67074336
  0.1324993   0.1324993   0.70044028 -0.53142961 -0.49157906 -0.91884679
  0.398213    0.398213   -0.67342446  0.36390685 -0.16898643  0.11748451
  0.11748451  0.11748451]
message    Optimization terminated successfully.
jac    [ -1.07611413e-07  -1.18940079e-07   5.60030458e-07  -3.27119778e-07
   0.00000000e+00   0.00000000e+00  -3.85356543e-07  -3.41256964e-07
   1.39631447e-06  -7.53760105e-07   2.45645788e-06   2.88215233e-07
  -1.52229768e-06   0.00000000e+00  -2.55473424e-07  -4.65435733e-07
  -5.28118107e-07  -1.06557854e-06   3.53909854e-07   0.00000000e+00
  -8.59130523e-07   1.28813554e-07   1.46676030e-06   1.99514034e-07
   0.00000000e+00   0.00000000e+00]
nit    86

0.465518442314
-0.457964042777
-0.366057170232
0.119500923565
0.119500923565
0.119500923565
-0.444394613215
0.224904420264
0.353738945465
-0.0259396370041
-0.473011421129
0.67074336389
0.132499299051
0.132499299051
0.700440280457
-0.531429606391
-0.491579055556
-0.918846787152
0.398213002629
0.398213002629
-0.673424458615
0.363906851316
-0.168986427839
0.117484514051
0.117484514051
0.117484514051
