status    0
success    True
njev    77
nfev    2003
fun    0.0010017694924
x    [ 0.82636468 -0.56496371 -0.92499525  0.23494462  0.23494462  0.23494462
 -0.73361746  0.27135258  0.68402265 -0.18672214  0.47223162  0.13084742
 -0.22494333 -0.22494333  0.6129869  -0.39474439 -0.72385506 -0.72385506
 -0.43128678  0.2973139   0.03594203  0.03267695  0.03267695  0.03267695]
message    Optimization terminated successfully.
jac    [  2.32801540e-07   1.93977030e-08  -6.29370334e-07   3.05604772e-07
   0.00000000e+00   0.00000000e+00  -3.04891728e-07   2.20898073e-08
   1.81417272e-06  -4.01472789e-07  -1.57249451e-06  -3.19705578e-07
   3.22761480e-07   0.00000000e+00   6.19562343e-07   3.56958481e-08
  -9.02655302e-08   0.00000000e+00  -5.35525032e-07  -2.71218596e-07
   1.41166674e-06  -6.01794454e-07   0.00000000e+00   0.00000000e+00]
nit    77

0.826364684539
-0.564963706269
-0.924995245627
0.234944620822
0.234944620822
0.234944620822
-0.733617461223
0.271352583691
0.684022648487
-0.186722137005
0.472231616047
0.130847415059
-0.224943328164
-0.224943328164
0.612986898165
-0.394744386812
-0.723855057595
-0.723855057595
-0.431286780456
0.297313896339
0.0359420339073
0.0326769500699
0.0326769500699
0.0326769500699
