status    0
success    True
njev    74
nfev    1554
fun    0.000932746085055
x    [ 0.9916568  -0.66167559 -1.01558515  0.22853465  0.22853465  0.22853465
 -1.07437123  0.3786957   1.10406577 -0.40100671  0.99448516  0.54452035
 -0.43159522 -0.43159522  0.51530064 -0.79242435 -0.80682527 -0.80682527
 -0.79242435]
message    Optimization terminated successfully.
jac    [ -5.35183062e-07  -2.08026904e-07   1.32794958e-06  -5.80112101e-07
   0.00000000e+00   0.00000000e+00   3.20214895e-08   2.88709998e-08
  -4.56289854e-07   7.13625923e-08   8.16500688e-07   1.01063051e-08
  -1.63221557e-07   0.00000000e+00  -2.21516530e-07  -1.31236447e-07
   3.99741111e-08   0.00000000e+00   0.00000000e+00]
nit    74

0.991656798737
-0.661675588752
-1.01558515252
0.22853464751
0.22853464751
0.22853464751
-1.07437122957
0.378695704185
1.10406577104
-0.401006709368
0.994485158327
0.544520346325
-0.431595220297
-0.431595220297
0.515300640652
-0.79242434927
-0.806825271229
-0.806825271229
-0.79242434927
