status    0
success    True
njev    79
nfev    2054
fun    0.000941425761188
x    [ 0.74017781 -0.54943234 -0.84076124  0.21667192  0.21667192  0.21667192
 -0.61341297  0.24478712  0.41991402 -0.13407235  0.48824211  0.60479949
 -0.22096917 -0.22096917  0.61027264 -0.54858294 -0.72612772 -0.72612772
 -0.67614652  0.37028903 -0.16504314  0.09771576  0.09771576  0.09771576]
message    Optimization terminated successfully.
jac    [  5.43870556e-07   2.83769623e-07  -1.59156480e-06   7.68006430e-07
   0.00000000e+00   0.00000000e+00  -7.81765266e-07  -1.31549314e-07
   3.13027704e-06  -1.01549813e-06  -4.32497473e-07  -1.89701677e-06
  -1.39385520e-07   0.00000000e+00  -1.10590190e-06   2.76842911e-07
   2.69690645e-07   0.00000000e+00  -2.54542101e-07  -3.23823770e-07
   3.52589268e-06  -1.06525840e-06   0.00000000e+00   0.00000000e+00]
nit    79

0.740177813093
-0.549432343582
-0.840761242407
0.216671924298
0.216671924298
0.216671924298
-0.613412972803
0.24478712222
0.419914016895
-0.134072350557
0.488242109902
0.604799493323
-0.220969173248
-0.220969173248
0.610272641986
-0.548582936475
-0.726127719047
-0.726127719047
-0.676146521251
0.370289031523
-0.165043142051
0.0977157639586
0.0977157639586
0.0977157639586
