status    0
success    True
njev    83
nfev    1826
fun    0.000911273661364
x    [ 0.72536448 -0.54485804 -0.82843852  0.21597736  0.21597736  0.21597736
 -0.6928908   0.27463554  0.62674459 -0.18853382  0.79619484  0.52109419
 -0.33055857 -0.33055857  0.58112886 -0.5763907  -0.74068549 -0.74068549
 -0.60610354  0.40660895]
message    Optimization terminated successfully.
jac    [ -1.63418008e-07  -5.27215889e-08   4.33166861e-07  -2.12450686e-07
   0.00000000e+00   0.00000000e+00   1.49957486e-08  -9.80799086e-09
  -1.96101610e-07   4.84942575e-08   2.19573849e-07   2.18642526e-08
  -5.36383595e-08   0.00000000e+00  -4.76866262e-08   4.94037522e-09
   1.75205059e-08   0.00000000e+00   9.20408638e-09   6.11180440e-10]
nit    83

0.725364484876
-0.544858041671
-0.828438524118
0.215977360304
0.215977360304
0.215977360304
-0.692890795468
0.274635538671
0.62674458896
-0.188533816908
0.796194841608
0.521094187767
-0.330558569835
-0.330558569835
0.581128861303
-0.576390697693
-0.740685490917
-0.740685490917
-0.606103537241
0.406608950508
