status    0
success    True
njev    65
nfev    1562
fun    0.000748036240631
x    [ 0.97825372 -0.63795203 -0.9378292   0.2300089   0.2300089   0.2300089
 -0.89142669  0.30630911  0.98904202 -0.21155226 -0.44736158  0.33367299
  0.0988104   0.0988104  -0.79863625 -0.47766813 -0.53172326  0.30302037
 -0.0114429   0.04921554  0.04921554  0.04921554]
message    Optimization terminated successfully.
jac    [ -4.29929059e-07  -4.09308996e-07   5.84339432e-07  -6.01932697e-07
   0.00000000e+00   0.00000000e+00  -1.26339728e-07   2.25532858e-07
   3.61404091e-07   2.05182005e-07  -2.10989674e-06   1.95119355e-07
   6.25826942e-07   0.00000000e+00   5.16090950e-07   1.21108314e-07
  -1.53995643e-06  -3.55765224e-07   4.09904169e-06  -1.26026862e-06
   0.00000000e+00   0.00000000e+00]
nit    65

0.978253722942
-0.637952029455
-0.937829203412
0.230008899121
0.230008899121
0.230008899121
-0.891426688789
0.306309106952
0.98904202272
-0.211552258888
-0.44736158464
0.333672989472
0.0988103982563
0.0988103982563
-0.798636254164
-0.477668129174
-0.531723260758
0.303020366827
-0.0114429049232
0.0492155371384
0.0492155371384
0.0492155371384
