status    0
success    True
njev    67
nfev    1274
fun    0.000933078726889
x    [ 0.95731982 -0.68236111 -0.75607434  0.16037188  0.16037188  0.16037188
 -1.219283    0.4074517   1.76259811 -0.4949249  -0.07013855  0.41856398
 -0.08609678 -0.08609678 -1.07574072 -0.77816653 -0.77816653]
message    Optimization terminated successfully.
jac    [ -1.56403985e-06  -5.82462235e-07   3.99743294e-06  -1.84638338e-06
   0.00000000e+00   0.00000000e+00  -3.08456947e-07   5.29544195e-08
   8.22932634e-07  -1.25670340e-07  -5.08385710e-07  -2.40426743e-07
   1.15505827e-07   0.00000000e+00   8.77407729e-08   1.21181074e-07
   0.00000000e+00]
nit    67

0.957319821874
-0.682361113569
-0.756074342774
0.160371878156
0.160371878156
0.160371878156
-1.21928299972
0.40745170431
1.76259810619
-0.494924896505
-0.0701385496903
0.418563980282
-0.0860967794175
-0.0860967794175
-1.07574072185
-0.778166532089
-0.778166532089
