status    0
success    True
njev    72
nfev    1440
fun    0.00192450890071
x    [ 0.59286385  0.59286385 -1.00546222  0.59286385 -2.16465897  1.02039649
 -1.63293441  1.15349335  0.78120304  0.78120304 -0.23016931 -0.48166257
 -0.58621662  0.24993473  0.84477512 -0.16949775 -0.16949775 -0.16949775]
message    Optimization terminated successfully.
jac    [  1.96276233e-07   0.00000000e+00   6.32717274e-08   0.00000000e+00
  -4.21714503e-08   9.26811481e-08   3.49245965e-08  -7.05185812e-08
  -1.32495188e-07   0.00000000e+00   1.12486305e-08  -1.41953933e-07
   4.23315214e-08   1.24840881e-07  -2.28319550e-08  -1.42375939e-07
   0.00000000e+00   0.00000000e+00]
nit    72

0.592863851789
0.592863851789
-1.00546222128
0.592863851789
-2.16465897179
1.02039649292
-1.63293440846
1.15349334644
0.781203044125
0.781203044125
-0.230169307245
-0.481662574208
-0.586216615248
0.24993473387
0.844775119386
-0.169497746003
-0.169497746003
-0.169497746003
