status    0
success    True
njev    60
nfev    1141
fun    0.000925356348959
x    [ 0.28469305 -0.9679887   0.28469305  0.94728072 -0.2212986  -0.2642026
  0.08834387  0.04775992  0.04775992 -0.85333695 -0.39370367 -0.40591037
  0.27012347  0.10893847  0.00894948  0.00894948  0.00894948]
message    Optimization terminated successfully.
jac    [ -1.75925379e-07   9.23319021e-09   7.27595761e-12   3.67472239e-07
  -1.69020495e-08  -5.63195499e-07   9.08039510e-09   3.03967681e-07
   7.27595761e-12   1.54548616e-07  -6.87359716e-08   5.80235792e-07
   3.17566446e-07  -1.41197233e-06   5.18361048e-07   7.27595761e-12
   7.27595761e-12]
nit    60

0.284693046527
-0.967988696812
0.284693046527
0.947280721606
-0.221298602728
-0.264202595894
0.0883438739771
0.0477599154199
0.0477599154199
-0.853336952052
-0.393703671992
-0.405910371874
0.27012346971
0.108938468679
0.00894947782856
0.00894947782856
0.00894947782856
