status    0
success    True
njev    78
nfev    1873
fun    0.000740347345873
x    [ 0.71266185 -0.57272288 -0.61614276  0.1587346   0.1587346   0.1587346
 -0.76034699  0.25924258  1.06748004 -0.24532755 -0.44016323  0.38936693
  0.08620692  0.08620692 -0.80374518 -0.5096287  -0.57705775  0.31530151
 -0.07953503  0.07066651  0.07066651  0.07066651]
message    Optimization terminated successfully.
jac    [ -3.05160938e-07   6.82557584e-08   6.64695108e-07  -4.22580342e-07
   0.00000000e+00   0.00000000e+00  -4.46329068e-07  -4.31471562e-07
   2.15171895e-07  -5.59412001e-07   3.00996180e-06  -8.84479959e-07
  -1.38179894e-06   0.00000000e+00  -1.13432179e-06  -2.17820343e-07
  -4.93411790e-07  -3.91941285e-07   3.06067523e-06  -2.90136086e-07
   0.00000000e+00   0.00000000e+00]
nit    78

0.712661849757
-0.572722882259
-0.616142761706
0.158734598069
0.158734598069
0.158734598069
-0.760346994298
0.259242584788
1.06748003928
-0.245327548192
-0.440163232903
0.389366934239
0.0862069157774
0.0862069157774
-0.803745178027
-0.509628703251
-0.577057749068
0.315301505961
-0.0795350330173
0.0706665143107
0.0706665143107
0.0706665143107
