status    0
success    True
njev    59
nfev    1241
fun    0.000847783683986
x    [ 0.66930133  0.66930133 -1.57457365  0.66930133 -0.2361147   0.42178143
 -1.08334048  0.82963256  0.45789549  0.45789549  0.01272032 -0.48912781
  0.19532737 -0.68613032  0.3339286   0.21064979  0.04718398  0.04718398
  0.04718398]
message    Optimization terminated successfully.
jac    [  5.71715645e-07   0.00000000e+00   6.23665983e-07   0.00000000e+00
  -9.35397111e-08   1.08266249e-07  -4.49064828e-07  -4.75192792e-08
  -2.24768883e-07   0.00000000e+00  -7.80928531e-08   7.71979103e-09
  -3.85254680e-07  -3.71881470e-07  -3.78495315e-08   8.22008587e-07
  -4.07657353e-07   0.00000000e+00   0.00000000e+00]
nit    59

0.66930132875
0.66930132875
-1.57457364825
0.66930132875
-0.23611470125
0.421781433318
-1.08334048267
0.829632561136
0.457895486011
0.457895486011
0.0127203152541
-0.489127806374
0.195327370565
-0.686130322985
0.333928598687
0.210649790893
0.0471839778019
0.0471839778019
0.0471839778019
