status    0
success    True
njev    84
nfev    2438
fun    0.000544730100382
x    [ 0.6987383  -0.52977037 -0.58137253  0.16749251  0.16749251  0.16749251
 -0.66615697  0.29019121  0.37791516 -0.00074651  0.06902688  0.41501305
  0.01464914  0.01464914 -0.15091449 -0.45369954 -0.07754137 -0.31003075
  0.13417286  0.13417286  0.13417286 -0.46729078  0.27424179 -0.035748
  0.07128351  0.07128351  0.07128351]
message    Optimization terminated successfully.
jac    [ -2.74783815e-07   1.49739208e-08   4.75403795e-07  -1.53879228e-07
  -7.27595761e-12  -7.27595761e-12   2.42660462e-07  -8.28804332e-08
  -6.58314093e-07   1.03973434e-07   7.39477400e-07   7.95262167e-08
  -2.40848749e-07  -7.27595761e-12  -1.47927494e-07  -2.87036528e-08
  -6.13166776e-07   2.12673331e-06  -8.52822268e-07  -7.27595761e-12
  -7.27595761e-12  -3.09759344e-07  -2.16808985e-07   3.27971065e-07
  -3.49311449e-07  -7.27595761e-12  -7.27595761e-12]
nit    84

0.698738296529
-0.529770373308
-0.581372526791
0.167492508564
0.167492508564
0.167492508564
-0.666156967572
0.290191213547
0.377915163498
-0.000746506357151
0.0690268791682
0.415013054225
0.0146491384407
0.0146491384407
-0.150914494023
-0.45369954149
-0.077541371863
-0.310030745897
0.134172861379
0.134172861379
0.134172861379
-0.467290779165
0.27424179087
-0.035748001696
0.0712835078708
0.0712835078708
0.0712835078708
