status    0
success    True
njev    72
nfev    1729
fun    0.000734416414231
x    [ 0.93191858 -0.60856656 -0.93733139  0.23117577  0.23117577  0.23117577
 -0.96140979  0.35633232  0.95011052 -0.23762963  0.08139282  0.51506467
 -0.05203804 -0.05203804 -0.21283896 -0.69347294 -0.18327565 -0.15376156
  0.08582976  0.08582976  0.08582976 -0.69347294]
message    Optimization terminated successfully.
jac    [ -1.04243372e-06  -3.63921572e-07   2.81901885e-06  -1.29931868e-06
   0.00000000e+00   0.00000000e+00  -2.74521881e-07  -9.53878043e-09
   5.24218194e-07  -1.81171345e-07   6.42328814e-07  -2.62290996e-07
  -2.49914592e-07   0.00000000e+00  -1.60027412e-07  -1.14014256e-08
  -6.52442395e-07   1.44870137e-06  -8.10912752e-07   0.00000000e+00
   0.00000000e+00   0.00000000e+00   0.00000000e+00]
nit    72

 0.93191857961
-0.60856656235
-0.93733138822
 0.23117576898
 0.23117576898
 0.23117576898
-0.96140978573
 0.35633231504
 0.95011052417
-0.23762962603
 0.08139281884
 0.51506466889
-0.05203804195
-0.05203804195
-0.21283896037
-0.69347293546
-0.18327564748
-0.15376155568
 0.08582975573
 0.08582975573
 0.08582975573
-0.69347293546
