status    0
success    True
njev    80
nfev    2001
fun    0.000442079131824
x    [ 0.29953763 -0.42216362 -0.07734155  0.0524943   0.0524943   0.0524943
 -0.37143843  0.21398878  0.49053278 -0.02546854 -0.15202989  0.43709832
  0.06146669  0.06146669 -0.14090793 -0.46327703 -0.05712257 -0.31525247
  0.13828657  0.13828657  0.13828657 -0.5332592   0.42182778]
message    Optimization terminated successfully.
jac    [  4.56431735e-07  -6.49633876e-08  -2.28576755e-06   5.47675882e-07
   0.00000000e+00   0.00000000e+00  -1.76754838e-07  -7.91806087e-08
   8.14041414e-07  -5.16054570e-07   1.82723306e-06  -2.20625225e-07
  -7.98609108e-07   0.00000000e+00  -5.09277015e-07  -1.24873623e-07
  -5.05904609e-07   2.89279342e-06  -8.75515980e-07   0.00000000e+00
   0.00000000e+00  -1.32782588e-07  -4.84396878e-08   0.00000000e+00]
nit    80

 0.29953763026
-0.42216361934
-0.07734155359
 0.05249429735
 0.05249429735
 0.05249429735
-0.37143843440
 0.21398878313
 0.49053278149
-0.02546854449
-0.15202989069
 0.43709831654
 0.06146668567
 0.06146668567
-0.14090793215
-0.46327702716
-0.05712257310
-0.31525247285
 0.13828656553
 0.13828656553
 0.13828656553
-0.53325920237
 0.42182777877
