status    0
success    True
njev    95
nfev    2853
fun    0.000532952783178
x    [ 0.76928824 -0.54186089 -0.51021284  0.1424466   0.1424466   0.1424466
 -0.63978756  0.33116093 -0.1269721   0.13993218  0.17706533  0.5269317
 -0.02955699 -0.02955699  0.09793273 -0.46420172 -0.0151033  -0.0151033
  0.50794664 -0.4485146  -0.4941709   0.33744364 -0.45930471  0.26453832
  0.06807359  0.04223093  0.04223093  0.04223093]
message    Optimization terminated successfully.
jac    [ -1.91765139e-07   7.10861059e-09   5.85379894e-07  -1.72323780e-07
   7.27595761e-12   7.27595761e-12   2.04548996e-07  -7.49423634e-09
  -8.00791895e-07   2.36948836e-07   1.32422429e-08   1.30086846e-07
   4.41650627e-09   7.27595761e-12   3.83945007e-07   1.44791557e-09
  -1.20402547e-07   7.27595761e-12  -1.18772732e-07  -5.38420863e-10
  -1.22381607e-08  -1.58906914e-08  -3.41693521e-07  -1.00371835e-07
   8.04298907e-07  -3.56681994e-07   7.27595761e-12   7.27595761e-12]
nit    95

0.769288235596
-0.541860886382
-0.510212843658
0.142446597359
0.142446597359
0.142446597359
-0.639787562344
0.331160934236
-0.126972098813
0.139932180159
0.177065330735
0.526931699161
-0.0295569894528
-0.0295569894528
0.0979327348996
-0.464201719428
-0.0151033015558
-0.0151033015558
0.507946642254
-0.448514603422
-0.494170896893
0.33744364384
-0.459304705521
0.264538316018
0.0680735883799
0.0422309337076
0.0422309337076
0.0422309337076
