status    0
success    True
njev    76
nfev    1901
fun    0.000608972790719
x    [ 0.30868183 -0.78073636  0.30868183  0.04182496  0.05388698  0.21093653
  0.48007952 -0.04992013 -0.04992013  0.09470657 -0.47857553 -0.01119453
 -0.01119453  0.5505257  -0.51807954 -0.56921225  0.41950908 -0.3883447
  0.25735995 -0.17355969  0.10151481  0.10151481  0.10151481]
message    Optimization terminated successfully.
jac    [  7.87767931e-08   6.99721568e-07   7.27595761e-12  -3.42792919e-06
   1.21119956e-06  -2.01410148e-06   8.53564416e-07   6.36871846e-07
   7.27595761e-12   3.73910007e-06  -1.75059540e-08  -9.15111741e-07
   7.27595761e-12  -8.76898412e-07   7.16681825e-08  -3.36731318e-08
   5.76328603e-08  -1.67470716e-07  -7.76344677e-09   3.28640454e-07
  -1.47541869e-07   7.27595761e-12   7.27595761e-12]
nit    76

0.308681832863
-0.780736355501
0.308681832863
0.0418249637858
0.0538869783633
0.210936528129
0.48007952033
-0.0499201303235
-0.0499201303235
0.0947065721777
-0.478575530262
-0.0111945349235
-0.0111945349235
0.550525695917
-0.518079538365
-0.569212252184
0.419509082376
-0.388344696533
0.257359953295
-0.173559685561
0.1015148096
0.1015148096
0.1015148096
