status    0
success    True
njev    85
nfev    2211
fun    0.000884354581628
x    [ 0.67538177  0.67538177 -1.63422578  0.67538177 -0.18723743  0.35801746
 -0.55763623  0.75376625  0.29131311  0.29131311 -0.33721471 -0.46607149
  0.19131994  0.19131994  0.68317605 -0.47932885 -0.56502023  0.44036354
 -0.68709282  0.33933929  0.23026372  0.03916327  0.03916327  0.03916327]
message    Optimization terminated successfully.
jac    [ -3.53611540e-08   0.00000000e+00   1.16138835e-07   0.00000000e+00
   4.63987817e-08  -5.12736733e-08   6.30243449e-07  -2.73576006e-08
  -1.39654730e-07   0.00000000e+00  -9.07712092e-07  -1.17142918e-09
   2.23837560e-07   0.00000000e+00   2.31411832e-07  -2.11657607e-08
   1.43918442e-08  -2.30502337e-08  -1.42579665e-07  -7.23812263e-08
   4.07781044e-07  -1.88796548e-07   0.00000000e+00   0.00000000e+00]
nit    85

0.67538177059
0.67538177059
-1.63422577855
0.67538177059
-0.187237434054
0.358017462984
-0.557636233769
0.753766253992
0.291313114771
0.291313114771
-0.33721470644
-0.466071492201
0.19131993909
0.19131993909
0.683176054233
-0.47932884948
-0.565020233785
0.44036353758
-0.687092815393
0.339339292694
0.230263720674
0.0391632673417
0.0391632673417
0.0391632673417
