status    0
success    True
njev    83
nfev    2159
fun    0.000391292038016
x    [ 0.42957716 -0.45166528 -0.26177008  0.0946194   0.0946194   0.0946194
 -0.43664127  0.24616565  0.24015058  0.02853595  0.02545278  0.5380879
  0.00443626  0.00443626  0.02955924 -0.49377673  0.01889505  0.01889505
  0.58207144 -0.5169159  -0.57530643  0.42418865 -0.56067191  0.42243744]
message    Optimization terminated successfully.
jac    [  7.57427188e-09   1.48284016e-08  -2.40179361e-08   1.16415322e-08
   3.63797881e-12   3.63797881e-12  -5.48388925e-08   2.11293809e-08
   3.51010385e-07  -4.46671038e-08  -5.41018380e-07  -8.45102477e-08
   1.45391823e-07   3.63797881e-12   2.92486220e-07   3.37095116e-08
  -5.05242497e-08   3.63797881e-12  -7.07586878e-09  -1.23036443e-08
  -1.86773832e-08   2.02562660e-08   1.84118107e-08   2.57387001e-08]
nit    83

0.429577164464
-0.451665281659
-0.261770082964
0.094619400053
0.094619400053
0.094619400053
-0.436641269049
0.246165653259
0.240150580932
0.0285359464397
0.0254527787705
0.538087897556
0.004436257545
0.004436257545
0.029559243512
-0.493776734199
0.0188950468488
0.0188950468488
0.582071438692
-0.516915898027
-0.575306428987
0.424188654616
-0.560671912515
0.422437440212
