status    0
success    True
njev    72
nfev    2236
fun    0.000602416846099
x    [ 0.81111574 -0.56106945 -0.59422087  0.16046714  0.16046714  0.16046714
 -0.69613333  0.31580035  0.10274792  0.04008006  0.17220526  0.74185159
 -0.00689303 -0.00689303 -0.49442951 -0.54539299  0.13611946  0.13611946
  0.84773001 -0.55100231 -1.06009572  0.4340929   0.4340929  -0.67440162
  0.35679732 -0.16641133  0.11559626  0.11559626  0.11559626]
message    Optimization terminated successfully.
jac    [ -3.08580638e-07  -7.42220436e-08   4.50083462e-07  -2.55429768e-07
   0.00000000e+00   0.00000000e+00  -1.55465386e-07  -3.88237822e-07
   4.91272658e-07  -7.21927790e-07   4.02750447e-06  -7.26380676e-07
  -1.66230893e-06   0.00000000e+00   1.64676749e-06  -1.13301212e-07
  -1.05642539e-06   0.00000000e+00  -6.86959538e-07  -1.44696969e-07
  -4.22376615e-07  -3.10028554e-08   0.00000000e+00   7.77072273e-08
  -2.50831363e-07   7.83176802e-07  -3.30306648e-07   0.00000000e+00
   0.00000000e+00]
nit    72

0.811115736536
-0.56106944558
-0.594220870338
0.160467144389
0.160467144389
0.160467144389
-0.696133326742
0.315800348182
0.102747920499
0.0400800639003
0.172205262357
0.741851592919
-0.00689302968602
-0.00689302968602
-0.494429512023
-0.545392988571
0.136119455367
0.136119455367
0.847730011957
-0.551002305727
-1.06009571619
0.43409289904
0.43409289904
-0.674401619956
0.356797318929
-0.166411326465
0.115596257902
0.115596257902
0.115596257902
