status    0
success    True
njev    87
nfev    2698
fun    0.00062422385814
x    [ 0.78655852 -0.54616526 -0.60061975  0.16379697  0.16379697  0.16379697
 -0.66421548  0.31602877  0.09398962  0.06805296  0.15311831  0.46120534
  0.00248295  0.00248295 -0.46675633 -0.4562866   0.13042378  0.13042378
  0.82729526 -0.54474111 -1.04228091  0.42880615  0.42880615 -0.42496309
  0.26636934 -0.0663146   0.07496945  0.07496945  0.07496945]
message    Optimization terminated successfully.
jac    [ -1.62479409e-07  -9.75560397e-08   7.49911123e-07  -3.00264219e-07
   0.00000000e+00   0.00000000e+00  -1.06432708e-07  -5.90080163e-08
  -5.18557499e-07  -1.51121640e-08   1.47827814e-06  -2.86963768e-08
  -4.35247784e-07   0.00000000e+00  -8.30274075e-07  -6.47851266e-08
   2.47135176e-07   0.00000000e+00  -2.76276842e-06   8.01344868e-07
   3.27105226e-06  -1.03560888e-06   0.00000000e+00  -1.57160684e-07
  -8.42410373e-08   4.56522685e-07  -2.10427970e-07   0.00000000e+00
   0.00000000e+00]
nit    87

0.786558519607
-0.546165262411
-0.600619750961
0.163796968226
0.163796968226
0.163796968226
-0.664215484804
0.316028772369
0.093989618845
0.0680529609791
0.153118312005
0.461205344704
0.00248294563872
0.00248294563872
-0.46675632664
-0.456286600782
0.130423784728
0.130423784728
0.827295255745
-0.544741105721
-1.04228091433
0.42880614799
0.42880614799
-0.424963089622
0.266369344807
-0.0663145991547
0.0749694479902
0.0749694479902
0.0749694479902
