status    0
success    True
njev    92
nfev    2485
fun    0.00109836774305
x    [ 0.76784808  0.76784808 -1.96219904  0.76784808 -0.19663607  0.38896054
 -0.5123948   0.76968207  0.31603653  0.31603653 -0.8816134  -0.46811456
  0.32828942  0.32828942  0.88118443 -0.50364265 -0.95286028  0.42271881
  0.42271881 -0.66865805  0.33155031  0.21367929  0.04114282  0.04114282
  0.04114282]
message    Optimization terminated successfully.
jac    [ -7.75617082e-09  -1.45519152e-11   5.19357855e-08  -1.45519152e-11
  -2.32830644e-08   1.64727680e-08   5.35510480e-09   1.93103915e-08
   1.90484570e-08  -1.45519152e-11   1.81025825e-08   2.07801349e-08
  -9.53150447e-09  -1.45519152e-11  -4.68571670e-09  -2.79396772e-09
  -1.66037353e-08  -3.03261913e-08  -1.45519152e-11  -5.41185727e-08
  -2.43308023e-08   1.29875843e-07  -4.82395990e-08  -1.45519152e-11
  -1.45519152e-11]
nit    92

0.767848075197
0.767848075197
-1.96219903994
0.767848075197
-0.196636073108
0.388960541494
-0.512394800784
0.769682068796
0.316036533141
0.316036533141
-0.88161339898
-0.468114557942
0.328289421936
0.328289421936
0.881184434823
-0.503642650733
-0.952860275273
0.422718807952
0.422718807952
-0.668658054826
0.331550308795
0.213679292831
0.0411428177337
0.0411428177337
0.0411428177337
