status    0
success    True
njev    75
nfev    1800
fun    0.000976830868295
x    [ 0.97645621 -0.65347937 -1.07681931  0.25128082  0.25128082  0.25128082
 -1.04664763  0.37323607  1.11423134 -0.38132404  0.64261187  0.59606037
 -0.35787681 -0.35787681  0.77270569 -0.80953851 -0.3551674  -0.3551674
  0.62052218 -0.8231152  -0.8231152  -0.80953851]
message    Optimization terminated successfully.
jac    [ -2.08601705e-07  -7.54516805e-08   5.08764060e-07  -2.20548827e-07
   0.00000000e+00   0.00000000e+00  -2.62909452e-07   2.80851964e-09
   1.07305823e-06  -3.53436917e-07   3.89642082e-07  -2.98590749e-07
  -2.80851964e-08   0.00000000e+00  -1.58124021e-06  -8.20728019e-09
   4.84302291e-07   0.00000000e+00   5.43790520e-07   7.47968443e-08
   0.00000000e+00   0.00000000e+00]
nit    75

0.976456210145
-0.653479372942
-1.07681930668
0.25128082316
0.25128082316
0.25128082316
-1.04664762677
0.373236068079
1.11423134003
-0.381324042953
0.642611867656
0.59606036886
-0.357876808818
-0.357876808818
0.772705685765
-0.80953851083
-0.355167401461
-0.355167401461
0.620522175696
-0.823115197073
-0.823115197073
-0.80953851083
