status    0
success    True
njev    97
nfev    2814
fun    0.00111190785276
x    [ 0.638856   -0.52702468 -0.62139403  0.16985424  0.16985424  0.16985424
 -0.67370169  0.31319723  0.42663894 -0.05280713  0.05350957  0.46139266
 -0.09084361 -0.09084361  0.61675041 -0.50821157 -0.25261635 -0.25261635
  0.67517021 -0.77595734 -0.77595734 -0.45632806  0.28927703 -0.27611958
  0.12335552  0.12335552  0.12335552]
message    Optimization terminated successfully.
jac    [ -1.70388375e-07  -6.69388101e-08   4.43149474e-07  -2.02839146e-07
  -4.36557457e-11  -4.36557457e-11   6.46832632e-08   1.89174898e-10
  -3.23110726e-07   1.36598828e-07  -7.12214387e-07   1.32538844e-07
   1.87457772e-07  -4.36557457e-11   5.25469659e-07  -2.45490810e-08
  -1.27591193e-07  -4.36557457e-11  -1.31200068e-07  -5.44241630e-09
  -4.36557457e-11  -3.23794666e-07   2.45199772e-08   8.77567800e-07
  -2.42740498e-07  -4.36557457e-11  -4.36557457e-11]
nit    97

0.638855997899
-0.527024681188
-0.621394034621
0.169854239303
0.169854239303
0.169854239303
-0.673701685267
0.313197227433
0.426638944683
-0.0528071311036
0.053509566342
0.461392660718
-0.0908436085254
-0.0908436085254
0.616750408984
-0.508211572244
-0.252616346109
-0.252616346109
0.675170206202
-0.775957336506
-0.775957336506
-0.456328058713
0.289277030834
-0.2761195794
0.123355521271
0.123355521271
0.123355521271
