status    0
success    True
njev    88
nfev    2730
fun    0.000553211491411
x    [ 0.76800049 -0.54673745 -0.55377045  0.15426495  0.15426495  0.15426495
 -0.71080112  0.31056873  0.31559573 -0.00098578 -0.23020472  0.69427989
  0.07637498  0.07637498  0.09775588 -0.53359668 -0.43839891  0.10838453
  0.34834948  0.24120924 -0.5660092   0.09809827  0.1130047  -0.69237874
  0.36553363 -0.14086953  0.11247573  0.11247573  0.11247573]
message    Optimization terminated successfully.
jac    [ -1.12338603e-06  -3.73693183e-08   1.44360092e-06  -6.38930942e-07
   0.00000000e+00   0.00000000e+00   2.93359335e-07  -1.93213054e-07
   2.86956492e-07  -2.11679435e-07   1.70108979e-06  -7.44141289e-07
  -6.11573341e-07   0.00000000e+00   3.04105924e-07   1.32597052e-07
  -3.28649185e-06   1.00433681e-06   1.11491681e-06   2.18654168e-06
  -9.14886186e-07  -4.77833964e-07  -5.35444997e-07  -1.48465915e-07
  -4.26967745e-07   1.83746306e-06  -8.03527655e-07   0.00000000e+00
   0.00000000e+00]
nit    88

0.768000491789
-0.54673745275
-0.553770446207
0.15426495407
0.15426495407
0.15426495407
-0.710801117083
0.310568727321
0.315595730727
-0.000985782723157
-0.230204724108
0.694279890493
0.0763749782616
0.0763749782616
0.0977558790597
-0.533596675858
-0.4383989062
0.108384533642
0.348349479005
0.241209244638
-0.566009200557
0.0980982684603
0.11300469666
-0.692378738064
0.365533627708
-0.140869531904
0.112475729073
0.112475729073
0.112475729073
