status    0
success    True
njev    93
nfev    2512
fun    0.000851332342465
x    [ 0.70624965  0.70624965 -1.74298172  0.70624965 -0.20176676  0.37605383
 -0.76780319  0.79053919  0.34333265  0.34333265  0.20765656 -0.48561595
 -0.49797706  0.0843808   0.38338636  0.31948115 -0.50528534  0.11837786
  0.11614002 -0.63689223  0.31455173  0.12151011  0.06694346  0.06694346
  0.06694346]
message    Optimization terminated successfully.
jac    [  1.83015800e-06   0.00000000e+00  -1.05034997e-06   0.00000000e+00
   9.13409167e-07  -2.67245923e-07   5.10267273e-06  -6.67205313e-09
  -1.84615055e-06   0.00000000e+00  -1.56359602e-06   2.53909093e-07
  -2.44720286e-06  -3.04862624e-09   2.86214345e-07   1.99572241e-06
  -1.32290734e-06  -5.25556970e-07  -1.29042019e-06  -2.70403689e-07
  -2.97375664e-07   8.48121999e-07  -2.76217179e-07   0.00000000e+00
   0.00000000e+00]
nit    93

0.706249653184
0.706249653184
-1.7429817242
0.706249653184
-0.201766762454
0.376053832249
-0.767803187197
0.790539189838
0.343332647756
0.343332647756
0.207656557536
-0.485615949346
-0.497977059969
0.0843808046503
0.383386355517
0.319481149649
-0.505285341628
0.118377858806
0.116140021486
-0.636892225763
0.31455172644
0.121510107736
0.0669434638626
0.0669434638626
0.0669434638626
