status    0
success    True
njev    91
nfev    2367
fun    0.000695841574714
x    [ 0.80269565 -0.56715302 -0.98822333  0.25089357  0.25089357  0.25089357
 -0.89799423  0.30449206  1.19130429 -0.35879233 -0.07263815  0.54394356
 -0.09790756 -0.09790756  0.5511164  -0.74105992 -0.52515883 -0.4625081
 -0.02024981 -0.27351404  0.2020361   0.15989571  0.33600231 -0.74105992]
message    Optimization terminated successfully.
jac    [ -1.35965820e-07  -4.04979801e-08   3.26857844e-07  -1.44878868e-07
   0.00000000e+00   0.00000000e+00  -1.83048542e-07  -7.78018148e-08
  -3.53109499e-07  -2.63680704e-07   3.07509617e-06   1.46465027e-08
  -1.09584653e-06   0.00000000e+00   1.36928429e-06  -1.27984094e-07
  -1.46581442e-06  -2.82760448e-06   2.36638880e-06  -7.36872607e-07
   9.29372618e-07  -8.52691301e-07   2.86680006e-07   0.00000000e+00]
nit    91

0.802695649809
-0.567153023286
-0.988223328142
0.250893567206
0.250893567206
0.250893567206
-0.897994228583
0.304492062638
1.19130429394
-0.358792326321
-0.0726381451541
0.543943561262
-0.0979075565903
-0.0979075565903
0.5511164027
-0.741059923555
-0.525158833244
-0.462508104586
-0.0202498054239
-0.273514038438
0.202036101548
0.159895708415
0.336002311537
-0.741059923555
