status    0
success    True
njev    93
nfev    2885
fun    0.000571016379265
x    [ 0.48488254 -0.47426628 -0.35480576  0.11472984  0.11472984  0.11472984
 -0.50108802  0.23553066  0.39951576 -0.03966502 -0.25094596  0.62674707
  0.059848    0.059848    0.41779894 -0.52548552 -0.44290185 -0.42377989
 -0.06751372 -0.10670763  0.20248587  0.18575985  0.29386919 -0.65125683
  0.34289183 -0.12982022  0.1049565   0.1049565   0.1049565 ]
message    Optimization terminated successfully.
jac    [  5.16207365e-07   3.94386007e-07  -1.39947952e-06   4.95208951e-07
   0.00000000e+00   0.00000000e+00  -6.92380127e-08  -3.12698830e-07
  -4.13419912e-08   3.77549441e-08  -2.26114935e-07  -1.88206468e-06
  -6.16935722e-07   0.00000000e+00  -6.52937160e-07   4.23387974e-07
   9.13227268e-07   6.69366273e-07  -2.93071207e-06   1.68169936e-06
  -5.50004188e-07   1.01330079e-06  -3.93541995e-07   1.20283948e-06
  -5.27747034e-07   2.39456858e-06  -5.81349013e-09   0.00000000e+00
   0.00000000e+00]
nit    93

0.484882538789
-0.474266284211
-0.354805764627
0.114729836683
0.114729836683
0.114729836683
-0.501088017951
0.235530659715
0.399515756635
-0.0396650170949
-0.250945963675
0.626747068664
0.0598479965841
0.0598479965841
0.417798937561
-0.525485522947
-0.44290184934
-0.423779894768
-0.0675137231326
-0.106707634811
0.202485873156
0.185759853986
0.293869187679
-0.651256827209
0.342891827465
-0.129820216195
0.104956503031
0.104956503031
0.104956503031
