status    0
success    True
njev    96
nfev    2592
fun    0.00046020612173
x    [ 0.47498862 -0.4562768  -0.43273666  0.13800828  0.13800828  0.13800828
 -0.51322456  0.24322154  0.57879299 -0.06190114 -0.25977145  0.44489239
  0.05626701  0.05626701  0.46033313 -0.48372948 -0.45883496 -0.46103747
 -0.05751969 -0.11179177  0.21577025  0.18501987  0.2997571  -0.5591984
  0.42668761]
message    Optimization terminated successfully.
jac    [  8.82813765e-07   3.40842234e-07  -2.29063880e-06   1.07543383e-06
   7.27595761e-12   7.27595761e-12  -4.51524102e-07  -2.06346158e-08
   2.23279494e-06  -6.64153049e-07  -9.56933945e-07  -4.89075319e-07
   8.36917025e-08   7.27595761e-12   9.37878212e-07   2.27009878e-09
  -1.89735147e-07  -9.26163921e-07  -1.36624294e-07   4.12583177e-07
   2.66300049e-07   2.90237949e-08  -7.29487510e-08  -6.91106834e-08
   1.01084879e-07]
nit    96

0.474988619847
-0.456276802146
-0.432736664576
0.138008282292
0.138008282292
0.138008282292
-0.513224558625
0.24322154021
0.578792985193
-0.061901136713
-0.259771452726
0.444892391134
0.0562670131466
0.0562670131466
0.460333133203
-0.48372948165
-0.458834956228
-0.461037473615
-0.0575196878192
-0.111791765235
0.215770253777
0.185019873002
0.299757103038
-0.559198404956
0.426687611717
