status    0
success    True
njev    100
nfev    3203
fun    0.000737410909847
x    [ 0.66590546 -0.51484953 -0.41998398  0.13649615  0.13649615  0.13649615
 -0.50616505  0.29175374 -0.15704224  0.17861177 -0.55712336  0.93001188
  0.25945481  0.25945481  0.10904125 -0.56532903 -0.28068466  0.04576205
  0.39210245  0.1461525  -0.33958781  0.17457931  0.20380728  0.4152003
 -0.78351991  0.3886281  -0.09019963  0.11484368  0.11484368  0.11484368]
message    Optimization terminated successfully.
jac    [ -4.39315045e-07  -7.06786523e-08   1.84954843e-07  -2.29556463e-07
   0.00000000e+00   0.00000000e+00   5.10328391e-07  -5.35874278e-08
  -1.13835267e-06   3.49551556e-07   3.72085196e-07  -3.14830686e-08
  -5.43441274e-08   0.00000000e+00  -1.35725713e-07   8.45175236e-08
  -2.06244295e-07   1.08753738e-06   1.45635568e-07  -3.65020242e-07
  -4.78692527e-07  -4.31122317e-07   2.38520443e-07   1.49571861e-07
  -3.86142347e-07  -2.19122740e-07   1.94292079e-06  -7.08263542e-07
   0.00000000e+00   0.00000000e+00]
nit    100

0.665905457547
-0.514849525411
-0.419983979944
0.136496147509
0.136496147509
0.136496147509
-0.506165051566
0.291753740832
-0.157042239239
0.178611771212
-0.557123360645
0.930011877464
0.259454808041
0.259454808041
0.109041249484
-0.565329025116
-0.280684662638
0.0457620471997
0.392102447611
0.1461525033
-0.339587808348
0.174579311252
0.203807282845
0.415200300271
-0.783519905761
0.388628097461
-0.0901996341125
0.114843682564
0.114843682564
0.114843682564
