status    9
success    False
njev    101
nfev    2828
fun    0.00116878426914
x    [ 0.90324734  0.90324734 -2.26549847  0.90324734 -0.77823102  0.62140381
 -0.37490994  0.94837148  0.33663842  0.33663842 -0.10682763 -0.45915326
 -0.15110707  0.10942909  0.37455737  0.11790941 -0.22813411  0.17784804
  0.23128307  0.40004036 -0.87169507  0.44560644  0.17605348  0.08334505
  0.08334505  0.08334505]
message    Iteration limit exceeded
jac    [  2.84175621e-06   0.00000000e+00   2.44258263e-06   0.00000000e+00
  -4.69591760e-06  -5.66300878e-06  -6.29742863e-06   2.01030343e-06
   5.70631528e-06   0.00000000e+00   4.33210516e-07  -4.88580554e-07
  -7.81175913e-07   1.39577605e-06  -2.85638089e-06   6.49451977e-08
   1.06758671e-06  -7.93836080e-07   2.05810647e-06   3.60609556e-06
  -2.80102540e-06  -2.42298120e-06  -9.80682671e-07   6.20775972e-06
   0.00000000e+00   0.00000000e+00]
nit    101

0.903247343516
0.903247343516
-2.26549847095
0.903247343516
-0.778231020416
0.621403811918
-0.374909941898
0.948371475193
0.336638420525
0.336638420525
-0.106827625686
-0.459153258432
-0.151107068584
0.109429085171
0.374557374487
0.117909410323
-0.228134113185
0.177848043601
0.231283071707
0.400040355157
-0.871695072197
0.445606440684
0.176053479437
0.0833450506922
0.0833450506922
0.0833450506922
