status    9
success    False
njev    101
nfev    2828
fun    0.000726673721044
x    [ 0.26359868 -0.38540191 -0.16915622  0.09698648  0.09698648  0.09698648
 -0.27812931  0.22531108  0.15012625  0.14176836 -1.00196308  0.64091941
  0.36886829  0.36886829  0.2602124  -0.47994359 -0.2015706  -0.02074966
  0.36168672  0.0381718  -0.30257722  0.19076035  0.23799899  0.41927668
 -0.55669554  0.43766038]
message    Iteration limit exceeded
jac    [  9.22882464e-08  -2.43430259e-06  -3.40566476e-06   5.75286685e-06
   0.00000000e+00   0.00000000e+00   4.99560701e-06   5.81559289e-06
  -1.09121902e-06   1.84879173e-06   2.92997720e-06   2.78090010e-06
  -2.94588972e-07   0.00000000e+00   5.89241972e-06   3.45145236e-06
   2.03063973e-06  -1.02310878e-06  -4.49581421e-06  -1.10025285e-05
  -1.19860197e-05  -2.60968955e-06  -1.36955350e-06  -1.18940079e-07
   2.18807691e-06   2.11795123e-06]
nit    101

0.26359868485
-0.385401906096
-0.16915622113
0.0969864807919
0.0969864807919
0.0969864807919
-0.278129308856
0.225311082043
0.150126246093
0.141768364271
-1.00196308332
0.640919408889
0.368868294745
0.368868294745
0.260212404458
-0.479943592811
-0.201570599449
-0.0207496638118
0.361686722857
0.0381718029208
-0.30257721891
0.190760346562
0.237998988225
0.419276675953
-0.556695543633
0.437660379027
