status    0
success    True
njev    75
nfev    2478
fun    0.000381300484162
x    [ 0.77002392 -0.56711056 -0.54815001  0.15087682  0.15087682  0.15087682
 -0.62582824  0.29760797 -0.00787493  0.09365559  0.01287914  0.70017849
 -0.00077966 -0.09613675  0.31472685 -0.52450111  0.02488178  0.02488178
  0.02488178 -0.08385952 -0.08385952 -0.09720599  0.00878411  0.00878411
  0.00878411 -0.61054303  0.33061532 -0.14223073  0.10492155  0.10492155
  0.10492155]
message    Optimization terminated successfully.
jac    [ -3.60123522e-08  -5.22977643e-07   2.59940134e-06  -1.11714326e-06
  -3.63797881e-12  -3.63797881e-12  -3.48245521e-07   5.57341991e-07
  -1.28249303e-06   1.06617517e-06  -4.62097159e-06   1.45766899e-06
   2.15274486e-06  -2.25592157e-06  -4.21641744e-08   4.91127139e-08
   1.16846059e-06  -3.63797881e-12  -3.63797881e-12   5.20973117e-07
  -3.63797881e-12   1.98179987e-06  -2.91267497e-07  -3.63797881e-12
  -3.63797881e-12  -1.97692134e-06   3.12826160e-07   1.61329444e-06
  -7.20032403e-07  -3.63797881e-12  -3.63797881e-12]
nit    75

0.770023923335
-0.567110563439
-0.5481500116
0.150876815304
0.150876815304
0.150876815304
-0.625828238444
0.297607965147
-0.00787492884381
0.0936555949671
0.012879139022
0.700178489517
-0.000779655508991
-0.0961367542347
0.314726852292
-0.524501108886
0.024881780564
0.024881780564
0.024881780564
-0.083859518358
-0.083859518358
-0.0972059889409
0.00878410964604
0.00878410964604
0.00878410964604
-0.610543027134
0.330615316489
-0.142230727607
0.104921548015
0.104921548015
0.104921548015
