status    0
success    True
njev    62
nfev    1738
fun    0.000450263086404
x    [  7.79984254e-01  -5.87617461e-01  -7.72818267e-01   1.93483825e-01
   1.93483825e-01   1.93483825e-01  -9.05139796e-01   3.08298037e-01
   1.03332063e+00  -3.30245105e-01   3.61165272e-01   6.65109496e-01
  -2.40546387e-01  -2.35336039e-01   4.67555900e-01  -7.87420465e-01
   5.25674401e-04   5.25674401e-04   5.25674401e-04  -1.83098490e-01
  -1.83098490e-01  -2.27844054e-01   1.43743134e-02   1.43743134e-02
   1.43743134e-02  -7.87420465e-01]
message    Optimization terminated successfully.
jac    [ -2.27766213e-06  -8.30201316e-07   6.02590080e-06  -2.90922981e-06
   0.00000000e+00   0.00000000e+00  -4.47533239e-07   1.23545760e-08
   7.27057341e-07  -1.05552317e-07   1.13725764e-06  -1.72167347e-07
  -4.19957360e-07   1.13983697e-06  -9.41352482e-07   2.19741196e-07
  -1.86009856e-07   0.00000000e+00   0.00000000e+00   2.76671926e-07
   0.00000000e+00  -1.68235056e-06   5.66993549e-07   0.00000000e+00
   0.00000000e+00   0.00000000e+00]
nit    62

0.779984254154
-0.587617461354
-0.772818266733
0.193483824644
0.193483824644
0.193483824644
-0.905139796134
0.308298036601
1.03332062554
-0.330245105495
0.361165272297
0.665109495566
-0.240546387476
-0.235336039157
0.467555899554
-0.78742046486
0.00052567440127
0.00052567440127
0.00052567440127
-0.183098490337
-0.183098490337
-0.227844054382
0.0143743134249
0.0143743134249
0.0143743134249
-0.78742046486
