status    0
success    True
njev    68
nfev    1973
fun    0.000256275613815
x    [ 0.47862274 -0.47310732 -0.34627404  0.11358621  0.11358621  0.11358621
 -0.44218289  0.23536617  0.21589371  0.02365995  0.14133204  0.55261542
 -0.05705507 -0.11096538  0.29884573 -0.50501989  0.01918571  0.01918571
  0.01918571 -0.08452765 -0.08452765 -0.20852034  0.03926559  0.03926559
  0.03926559 -0.57189254  0.4216245 ]
message    Optimization terminated successfully.
jac    [ -3.14947101e-07   1.08397217e-07   8.04775482e-07  -5.82658686e-07
   0.00000000e+00   0.00000000e+00   1.09418033e-06   8.60429282e-07
   3.00606189e-08   8.61386070e-07   5.23333074e-06   1.81335054e-07
  -7.07379513e-07   1.16539013e-07  -2.82146721e-06  -7.28519808e-07
  -2.74223567e-06   0.00000000e+00   0.00000000e+00   1.14390059e-06
   0.00000000e+00  -2.85060014e-06   1.71762440e-06   0.00000000e+00
   0.00000000e+00  -3.24711436e-07  -8.34403181e-07]
nit    68

0.478622743495
-0.4731073187
-0.346274042264
0.113586205823
0.113586205823
0.113586205823
-0.442182891989
0.235366167476
0.215893705839
0.0236599521202
0.141332037057
0.55261542001
-0.0570550672597
-0.110965382402
0.298845734483
-0.505019894663
0.019185706424
0.019185706424
0.019185706424
-0.0845276504625
-0.0845276504625
-0.20852034031
0.0392655928243
0.0392655928243
0.0392655928243
-0.571892535296
0.421624498115
