status    0
success    True
njev    79
nfev    2608
fun    0.00039354977872
x    [ 0.50861431 -0.50747583 -0.27297269  0.0906114   0.0906114   0.0906114
 -0.42874912  0.22659156  0.04113039  0.06546087 -0.03567269  0.75609012
  0.00717427 -0.10658672  0.31351696 -0.55014418  0.02915511  0.02915511
  0.02915511 -0.08338962 -0.08338962 -0.08811498  0.00681006  0.00681006
  0.00681006 -0.66060094  0.34474216 -0.17667242  0.11690615  0.11690615
  0.11690615]
message    Optimization terminated successfully.
jac    [ -7.15721399e-07  -3.53396899e-07   2.01889270e-06  -9.40475729e-07
  -1.09139364e-11  -1.09139364e-11   6.93507900e-08   8.82355380e-08
  -4.41981683e-07   1.43056241e-07  -1.60624040e-07   2.39599831e-06
   3.79928679e-07  -8.61324224e-07  -1.04000355e-06  -5.49574906e-07
   3.61538696e-07  -1.09139364e-11  -1.09139364e-11   5.50142431e-07
  -1.09139364e-11  -7.47619197e-07   4.47984348e-07  -1.09139364e-11
  -1.09139364e-11  -2.37928543e-06   8.97907739e-07   1.13934220e-06
  -4.88689693e-08  -1.09139364e-11  -1.09139364e-11]
nit    79

0.508614312222
-0.50747582961
-0.272972691279
0.090611402889
0.090611402889
0.090611402889
-0.428749122573
0.226591563801
0.0411303871274
0.0654608733967
-0.0356726864259
0.75609012064
0.00717426865668
-0.106586720423
0.313516958352
-0.550144180919
0.0291551080732
0.0291551080732
0.0291551080732
-0.0833896207272
-0.0833896207272
-0.0881149771902
0.00681005701962
0.00681005701962
0.00681005701962
-0.660600939299
0.344742155166
-0.176672418892
0.11690615492
0.11690615492
0.11690615492
