status    0
success    True
njev    74
nfev    2444
fun    0.000365992613395
x    [ 0.76714245 -0.56156449 -0.57258387  0.15796123  0.15796123  0.15796123
 -0.65331805  0.30778269  0.18113973  0.06911031 -0.49403594  0.66795482
  0.11953466  0.11953466  0.61009561 -0.52485083 -0.10272397 -0.37477471
 -0.37477471  0.07488762  0.07488762  0.07488762  0.07488762  0.07488762
  0.07488762 -0.62305797  0.32964672 -0.09513534  0.09388961  0.09388961
  0.09388961]
message    Optimization terminated successfully.
jac    [  7.53789209e-09  -4.05525498e-08   3.86840838e-07  -1.25044608e-07
   1.81898940e-11   1.81898940e-11   6.65859261e-08   6.17401383e-08
  -5.76128514e-07   2.51064193e-07  -4.64642653e-07   2.56826752e-07
   2.57936335e-07   1.81898940e-11  -1.36092058e-06  -7.12680048e-09
   3.16016667e-07   1.73213994e-06   1.81898940e-11  -4.15260729e-07
   1.81898940e-11   1.81898940e-11   1.81898940e-11   1.81898940e-11
   1.81898940e-11  -1.26416126e-07   6.88305590e-08  -8.91304808e-09
  -6.65750122e-09   1.81898940e-11   1.81898940e-11]
nit    74

0.767142450897
-0.56156449366
-0.572583871982
0.157961228491
0.157961228491
0.157961228491
-0.653318050948
0.307782689971
0.181139734058
0.0691103133126
-0.494035940282
0.667954821925
0.119534664865
0.119534664865
0.610095605005
-0.524850834066
-0.102723972477
-0.374774714289
-0.374774714289
0.074887622058
0.074887622058
0.074887622058
0.074887622058
0.074887622058
0.074887622058
-0.6230579749
0.329646722538
-0.0951353407019
0.0938896074453
0.0938896074453
0.0938896074453
