status    0
success    True
njev    66
nfev    1915
fun    0.000667767931403
x    [ 0.6397474   0.6397474  -1.48435128  0.6397474  -0.15630829  0.37441818
 -1.3722779   0.74725667  0.46715806  0.46715806  0.4747833  -0.45910192
 -0.05698238  0.16168073  0.16168073 -0.04072602 -0.04072602 -0.04072602
 -0.04072602 -0.04072602 -0.04072602 -0.6987203   0.32975345  0.33510812
  0.01128624  0.01128624  0.01128624]
message    Optimization terminated successfully.
jac    [ -5.36398147e-07   7.27595761e-12   1.62978540e-06   7.27595761e-12
  -7.53629138e-07   1.30923581e-07  -1.06618972e-06   7.82165444e-08
   2.65812560e-07   7.27595761e-12   5.53569407e-07  -1.08339009e-08
  -2.32663297e-07   2.28777935e-07   7.27595761e-12  -1.63796358e-07
   7.27595761e-12   7.27595761e-12   7.27595761e-12   7.27595761e-12
   7.27595761e-12  -2.98532541e-07  -9.59480531e-08   6.82783138e-07
  -2.82925612e-07   7.27595761e-12   7.27595761e-12]
nit    66

0.639747397807
0.639747397807
-1.48435128493
0.639747397807
-0.156308289049
0.374418183071
-1.37227790298
0.747256667678
0.467158063871
0.467158063871
0.474783303547
-0.459101924286
-0.0569823791497
0.161680725563
0.161680725563
-0.0407260243647
-0.0407260243647
-0.0407260243647
-0.0407260243647
-0.0407260243647
-0.0407260243647
-0.698720303162
0.329753449248
0.335108121835
0.0112862440265
0.0112862440265
0.0112862440265
