status    0
success    True
njev    68
nfev    1976
fun    0.000236290268337
x    [ 0.4641757  -0.46670792 -0.33385227  0.11212816  0.11212816  0.11212816
 -0.49925185  0.2506824   0.50505745 -0.03273595 -0.40181498  0.49561606
  0.06707009  0.06707009  0.6672793  -0.4984919  -0.13496161 -0.45287738
 -0.45287738  0.09408622  0.09408622  0.09408622  0.09408622  0.09408622
  0.09408622 -0.57461194  0.43033028]
message    Optimization terminated successfully.
jac    [  5.16783984e-07  -2.76848368e-07  -1.04422179e-06   8.20717105e-07
  -3.63797881e-12  -3.63797881e-12   7.84162694e-07   2.60630259e-07
  -1.57929935e-06   1.34041329e-08   4.11268047e-06   3.23219865e-07
  -4.48089850e-07  -3.63797881e-12   3.11794065e-06  -3.13206328e-07
  -2.11588485e-07  -6.75254159e-06  -3.63797881e-12   1.30862463e-06
  -3.63797881e-12  -3.63797881e-12  -3.63797881e-12  -3.63797881e-12
  -3.63797881e-12  -1.52374923e-07  -1.79994458e-07]
nit    68

0.464175704219
-0.466707917911
-0.333852265816
0.112128159836
0.112128159836
0.112128159836
-0.499251849253
0.250682403356
0.505057448208
-0.0327359485046
-0.401814977962
0.495616060316
0.0670700851073
0.0670700851073
0.667279302497
-0.498491901528
-0.134961606996
-0.452877377962
-0.452877377962
0.0940862205806
0.0940862205806
0.0940862205806
0.0940862205806
0.0940862205806
0.0940862205806
-0.574611943152
0.430330275247
