status    0
success    True
njev    97
nfev    3398
fun    0.000613754687474
x    [ 0.81125287 -0.55865437 -0.7017563   0.19098798  0.19098798  0.19098798
 -0.72139693  0.30392942  0.32818485 -0.01826986 -0.18596368  0.65803095
  0.017066    0.017066    0.54759425 -0.5340495  -0.12924632 -0.12924632
 -0.36746938  0.08685217  0.08685217  0.159361    0.0256529   0.0256529
 -0.7405998   0.2849996   0.2849996  -0.63664413  0.34104717 -0.1935932
  0.12179468  0.12179468  0.12179468]
message    Optimization terminated successfully.
jac    [ -4.93033440e-07   5.36529114e-08   4.98868758e-07  -1.76769390e-07
   0.00000000e+00   0.00000000e+00   2.36308551e-07  -1.70235580e-07
  -1.37508323e-07  -1.07611413e-07   1.01022306e-06  -4.30321961e-07
  -4.46227205e-07   0.00000000e+00   9.89537511e-07   4.03160811e-08
  -3.86746251e-07   0.00000000e+00  -1.53031579e-06   1.88862032e-07
   0.00000000e+00   1.81322685e-06  -5.37584128e-07   0.00000000e+00
  -3.70622729e-07  -7.91624188e-08   0.00000000e+00   1.88418198e-07
  -1.82888471e-07   3.80248821e-07  -1.81200448e-07   0.00000000e+00
   0.00000000e+00]
nit    97

0.811252870231
-0.55865437111
-0.701756303791
0.190987977601
0.190987977601
0.190987977601
-0.721396929293
0.303929423703
0.328184847539
-0.0182698580236
-0.185963684045
0.65803094544
0.0170659956774
0.0170659956774
0.54759424755
-0.534049503655
-0.129246322581
-0.129246322581
-0.367469378938
0.0868521729612
0.0868521729612
0.159360997366
0.025652898507
0.025652898507
-0.740599796984
0.284999600106
0.284999600106
-0.636644126783
0.341047167213
-0.193593203942
0.121794678459
0.121794678459
0.121794678459
