status    0
success    True
njev    100
nfev    3503
fun    0.00062963986504
x    [ 0.7903551  -0.54605499 -0.69950485  0.19168282  0.19168282  0.19168282
 -0.69637221  0.30538399  0.31216882  0.00679726 -0.16335991  0.40604924
  0.01347234  0.01347234  0.57356834 -0.4543547  -0.13616502 -0.13616502
 -0.40205597  0.09527743  0.09527743  0.17111508  0.02385714  0.02385714
 -0.74035371  0.28434313  0.28434313 -0.41102851  0.25888169 -0.10115379
  0.08443353  0.08443353  0.08443353]
message    Optimization terminated successfully.
jac    [ -5.31807018e-07   3.79877747e-08   1.09036773e-06  -3.20455001e-07
   0.00000000e+00   0.00000000e+00   1.94886525e-07  -1.29286491e-07
  -2.31288141e-07  -5.27070370e-08   9.08541551e-07  -7.24321580e-08
  -3.48161848e-07   0.00000000e+00   6.58626959e-07  -3.24944267e-08
  -1.90833816e-07   0.00000000e+00  -2.29203579e-06   4.77783033e-07
   0.00000000e+00   1.85361569e-06  -4.70383384e-07   0.00000000e+00
  -3.10552423e-07  -6.78555807e-08   0.00000000e+00  -2.01354851e-07
  -9.09785740e-08   5.31254045e-07  -2.34445906e-07   0.00000000e+00
   0.00000000e+00]
nit    100

0.790355101629
-0.546054992117
-0.699504852563
0.191682817336
0.191682817336
0.191682817336
-0.696372214604
0.305383985755
0.312168818508
0.00679726323862
-0.163359906559
0.406049239481
0.0134723431356
0.0134723431356
0.573568342996
-0.45435469656
-0.136165021589
-0.136165021589
-0.402055966199
0.0952774309444
0.0952774309444
0.17111508378
0.0238571410546
0.0238571410546
-0.740353708392
0.284343131252
0.284343131252
-0.411028507568
0.258881691582
-0.101153786044
0.0844335340102
0.0844335340102
0.0844335340102
