status    0
success    True
njev    87
nfev    2611
fun    0.000750199287057
x    [ 0.81233789 -0.56338659 -1.0751314   0.27539336  0.27539336  0.27539336
 -0.86093349  0.29812088  0.98976849 -0.31270364  0.02045206  0.63685584
 -0.15339727 -0.15339727  0.90526518 -0.76651913 -0.28868405 -0.28868405
 -0.24577285  0.00216823  0.00216823  0.28554006 -0.03257474 -0.03257474
 -0.80071762  0.28106952  0.28106952 -0.76651913]
message    Optimization terminated successfully.
jac    [ -5.33647835e-07  -2.33543688e-07   1.41550845e-06  -6.43420208e-07
   0.00000000e+00   0.00000000e+00  -2.97084625e-07  -2.70229066e-08
   1.00953912e-06  -3.88296030e-07   1.13563146e-06  -3.05168214e-07
  -3.43097781e-07   0.00000000e+00  -7.82958523e-07   2.09911377e-08
   2.86512659e-07   0.00000000e+00  -2.23285315e-06   5.79428161e-07
   0.00000000e+00   2.40279041e-06  -5.63202775e-07   0.00000000e+00
  -3.81536665e-07  -2.47528078e-08   0.00000000e+00   0.00000000e+00]
nit    87

0.812337891111
-0.56338658798
-1.07513139539
0.275393364087
0.275393364087
0.275393364087
-0.860933485717
0.298120883542
0.989768486105
-0.312703638763
0.0204520563892
0.63685584411
-0.153397271051
-0.153397271051
0.90526518173
-0.766519132663
-0.288684054326
-0.288684054326
-0.245772849929
0.00216822842371
0.00216822842371
0.285540056642
-0.0325747441895
-0.0325747441895
-0.800717620974
0.281069517237
0.281069517237
-0.766519132663
