status    0
success    True
njev    81
nfev    2432
fun    0.000720786510527
x    [ 0.30947335 -0.79866006  0.30947335  0.10874625  0.04763769 -0.06605486
  0.4523358  -0.00427083 -0.00427083  0.56831698 -0.4716634  -0.13756873
 -0.13756873 -0.41389723  0.09528553  0.09528553  0.17989185  0.02165446
  0.02165446 -0.7469309   0.28556516  0.28556516 -0.37828288  0.25398767
 -0.18461834  0.10297118  0.10297118  0.10297118]
message    Optimization terminated successfully.
jac    [  2.05400283e-08   2.30502337e-07   0.00000000e+00  -1.12061389e-06
   3.44291038e-07   4.43171302e-07   2.76573701e-07  -2.70592864e-08
   0.00000000e+00  -4.54252586e-07  -1.38097676e-08   1.04686478e-07
   0.00000000e+00   4.74348781e-07  -1.10245310e-07   0.00000000e+00
  -7.47968443e-08   3.47790774e-09   0.00000000e+00  -6.52653398e-09
   8.64383765e-09   0.00000000e+00  -9.75924195e-08  -5.76619641e-08
   3.06921720e-07  -1.46908860e-07   0.00000000e+00   0.00000000e+00]
nit    81

0.309473352496
-0.798660056989
0.309473352496
0.108746248312
0.0476376871802
-0.0660548640143
0.452335795546
-0.0042708296204
-0.0042708296204
0.568316975803
-0.471663398784
-0.137568728188
-0.137568728188
-0.413897228236
0.0952855298919
0.0952855298919
0.179891845658
0.0216544628156
0.0216544628156
-0.746930898354
0.285565159544
0.285565159544
-0.378282882073
0.253987672293
-0.184618338734
0.102971182838
0.102971182838
0.102971182838
