status    0
success    True
njev    79
nfev    2449
fun    0.000893604193327
x    [ 0.65626659  0.65626659 -1.5960543   0.65626659 -0.0643792   0.32412001
 -0.87577081  0.73653633  0.3525057   0.3525057   0.06194216 -0.4775282
  0.09503188  0.09503188 -0.36153039  0.14825266  0.14825266  0.06307398
  0.07327118  0.07327118 -0.72889873  0.30578327  0.30578327 -0.63810057
  0.30984148  0.18058528  0.0492246   0.0492246   0.0492246 ]
message    Optimization terminated successfully.
jac    [  5.58644388e-06   0.00000000e+00   7.71186023e-07   0.00000000e+00
   2.17085471e-07   5.29274985e-07   2.32963066e-06  -3.75635864e-07
  -1.02902413e-06   0.00000000e+00   6.17597834e-07  -9.44055500e-07
   2.47382559e-10   0.00000000e+00  -4.35582479e-07  -8.57187842e-07
   0.00000000e+00  -3.58394027e-06  -3.56543751e-07   0.00000000e+00
  -3.28866008e-07  -2.04324897e-06   0.00000000e+00   7.26620783e-07
   8.81875167e-07  -4.42843884e-07  -1.16185402e-06   0.00000000e+00
   0.00000000e+00]
nit    79

0.656266589152
0.656266589152
-1.59605429814
0.656266589152
-0.0643791968133
0.324120005791
-0.875770806939
0.736536330231
0.35250570401
0.35250570401
0.0619421551877
-0.477528197593
0.0950318773285
0.0950318773285
-0.361530387987
0.148252662908
0.148252662908
0.0630739808015
0.0732711776448
0.0732711776448
-0.728898733464
0.305783268841
0.305783268841
-0.638100571733
0.30984147822
0.180585284655
0.0492246029526
0.0492246029526
0.0492246029526
