status    0
success    True
njev    93
nfev    2883
fun    0.000563180754457
x    [ 0.47288249 -0.45698941 -0.42436769  0.1361582   0.1361582   0.1361582
 -0.48697806  0.23795175  0.46262922 -0.04382658 -0.15934329  0.47958386
  0.00548068  0.00548068  0.5366626  -0.49081094 -0.12866861 -0.12866861
 -0.38025322  0.09159592  0.09159592  0.1668946   0.02451685  0.02451685
 -0.73981914  0.28482035  0.28482035 -0.56368496  0.42550377]
message    Optimization terminated successfully.
jac    [  1.46996172e-07  -1.04751962e-07   2.35770131e-07  -2.71313183e-07
   0.00000000e+00   0.00000000e+00   4.66519850e-07   9.43102350e-07
   1.76813046e-07   7.24321580e-08   1.29416730e-06   3.29717295e-07
  -5.92488504e-07   0.00000000e+00  -8.42519512e-07   4.73097316e-07
  -7.41209078e-07   0.00000000e+00  -8.49933713e-07   2.82670953e-08
   0.00000000e+00   4.85917553e-07  -7.53883796e-07   0.00000000e+00
  -4.42043529e-07  -4.96467692e-07   0.00000000e+00   2.66642019e-07
   3.02119588e-07]
nit    93

0.472882492279
-0.45698940585
-0.4243676909
0.13615820149
0.13615820149
0.13615820149
-0.486978055062
0.237951751175
0.462629223957
-0.0438265823883
-0.159343291124
0.479583862127
0.00548068165098
0.00548068165098
0.53666260469
-0.490810939094
-0.128668611291
-0.128668611291
-0.380253217471
0.0915959153862
0.0915959153862
0.166894601917
0.0245168519362
0.0245168519362
-0.73981914452
0.284820347087
0.284820347087
-0.563684956844
0.425503773099
