status    0
success    True
njev    90
nfev    3152
fun    0.000631494632994
x    [ 0.48299668 -0.47986183 -0.32812831  0.10833115  0.10833115  0.10833115
 -0.50155451  0.22680626  0.38798809 -0.05098182 -0.21146293  0.66439248
  0.01470365  0.01470365  0.55336137 -0.54139253 -0.13337022 -0.13337022
 -0.33811797  0.07868552  0.07868552  0.1399616   0.02948515  0.02948515
 -0.73707709  0.2847728   0.2847728  -0.66631221  0.34882666 -0.19592787
  0.12431223  0.12431223  0.12431223]
message    Optimization terminated successfully.
jac    [ -6.46148692e-07  -6.67205313e-08   1.29359250e-06  -5.75149897e-07
   7.27595761e-12   7.27595761e-12   1.59561750e-08  -2.04992830e-07
  -1.01073965e-06   9.28412192e-09   3.58043326e-06  -3.37112579e-06
  -1.49575499e-06   7.27595761e-12   2.56790372e-06   7.70429324e-07
  -1.35211303e-06   7.27595761e-12  -7.39746611e-08  -5.09593519e-07
   7.27595761e-12   2.13702151e-07  -3.70455382e-07   7.27595761e-12
  -3.20760591e-07  -1.91444997e-07   7.27595761e-12   2.63056427e-06
  -1.30967965e-06   1.40503107e-06  -8.09144694e-07   7.27595761e-12
   7.27595761e-12]
nit    90

0.482996679304
-0.479861825047
-0.328128309781
0.108331151841
0.108331151841
0.108331151841
-0.501554509086
0.22680625626
0.387988090916
-0.0509818239073
-0.21146293498
0.664392475939
0.0147036476287
0.0147036476287
0.553361374441
-0.541392529448
-0.133370222894
-0.133370222894
-0.338117965591
0.0786855199411
0.0786855199411
0.139961595917
0.0294851485977
0.0294851485977
-0.737077089016
0.284772804575
0.284772804575
-0.666312212175
0.348826662635
-0.195927871968
0.124312228122
0.124312228122
0.124312228122
