status    0
success    True
njev    80
nfev    2883
fun    0.000761778663437
x    [ 0.82238016 -0.56789101 -0.62332548  0.1798884   0.1798884   0.1798884
 -0.7608446   0.31826861  0.37619583 -0.00628983 -0.36415663  0.81409576
  0.14886991  0.14886991 -0.31013037 -0.57522362  0.19635015  0.19635015
 -0.75763303  0.31564867  0.31564867  0.04882944  0.1730287   0.1730287
 -0.76059903  0.4365642   0.4365642   0.4365642  -0.80612003  0.3832686
 -0.0719832   0.10800192  0.10800192  0.10800192]
message    Optimization terminated successfully.
jac    [ -4.28386556e-07  -1.86868419e-07   1.63248478e-06  -6.26372639e-07
   0.00000000e+00   0.00000000e+00  -1.93918822e-07  -2.60333763e-08
  -3.58413672e-07  -1.40680640e-07   3.12306656e-06  -1.28347892e-08
  -9.95329174e-07   0.00000000e+00   2.42667738e-07  -4.85742930e-08
  -1.89378625e-07   0.00000000e+00  -1.79867493e-06   4.20237484e-07
   0.00000000e+00   8.63321475e-07  -1.59699994e-07   0.00000000e+00
  -8.13502993e-07   1.72178261e-07   0.00000000e+00   0.00000000e+00
  -3.84869054e-07  -1.39174517e-07   5.21678885e-07  -3.19851097e-07
   0.00000000e+00   0.00000000e+00]
nit    80

0.822380156665
-0.567891009706
-0.623325475791
0.179888397748
0.179888397748
0.179888397748
-0.760844596672
0.318268610338
0.376195833284
-0.00628983461916
-0.364156629418
0.814095761349
0.148869914803
0.148869914803
-0.310130372397
-0.575223623067
0.196350152745
0.196350152745
-0.757633026567
0.315648672878
0.315648672878
0.0488294408718
0.17302869853
0.17302869853
-0.760599031249
0.436564196745
0.436564196745
0.436564196745
-0.806120034268
0.383268595041
-0.0719831993218
0.108001924712
0.108001924712
0.108001924712
