status    0
success    True
njev    61
nfev    1892
fun    0.000708531233543
x    [ 0.32125785 -0.79160955  0.32125785  0.24421622  0.03303074 -0.45507283
  0.49762265  0.16958287  0.16958287 -0.04336412 -0.47931308  0.12292664
  0.12292664 -0.79376445  0.30425815  0.30425815  0.11675055  0.15616715
  0.15616715 -0.83733782  0.45348547  0.45348547  0.45348547 -0.45143308
  0.28129943 -0.17208453  0.11407273  0.11407273  0.11407273]
message    Optimization terminated successfully.
jac    [ -5.59208274e-07  -7.52261258e-07   0.00000000e+00   3.05152207e-06
  -8.47525371e-07  -1.52153370e-06  -6.13363227e-07   1.76456524e-07
   0.00000000e+00   2.64832488e-06   2.49347067e-08  -4.05030733e-07
   0.00000000e+00   1.12598354e-06   5.32701961e-07   0.00000000e+00
  -1.00601028e-06   1.11509871e-06   0.00000000e+00  -4.38177085e-06
   1.53695873e-06   0.00000000e+00   0.00000000e+00   1.41812779e-06
   5.81676431e-07  -3.67133907e-06   1.67632243e-06   0.00000000e+00
   0.00000000e+00]
nit    61

0.321257847547
-0.791609552156
0.321257847547
0.24421622113
0.0330307385395
-0.455072831325
0.497622645309
0.169582865681
0.169582865681
-0.0433641246575
-0.479313077952
0.122926636588
0.122926636588
-0.793764449843
0.304258154822
0.304258154822
0.116750546808
0.156167149739
0.156167149739
-0.83733782308
0.453485466158
0.453485466158
0.453485466158
-0.451433083697
0.281299425674
-0.172084532882
0.114072730302
0.114072730302
0.114072730302
