status    0
success    True
njev    86
nfev    3097
fun    0.000792810959934
x    [ 0.36768698 -0.45551542 -0.13920338  0.07567727  0.07567727  0.07567727
 -0.46900786  0.22087127  0.48136432 -0.04192363 -0.58103597  0.83885182
  0.20116265  0.20116265 -0.30235769 -0.59036376  0.20087065  0.20087065
 -0.71749439  0.30521067  0.30521067  0.05515462  0.16816356  0.16816356
 -0.75137012  0.43300566  0.43300566  0.43300566 -0.83789812  0.39346582
 -0.10343718  0.11844961  0.11844961  0.11844961]
message    Optimization terminated successfully.
jac    [ -3.31165211e-07  -1.67565304e-07   9.19957529e-07  -4.16912371e-07
   0.00000000e+00   0.00000000e+00   9.11386451e-08  -4.51400410e-08
  -1.01899786e-06   1.22294296e-07   1.45773811e-06   5.18266461e-07
  -4.65472112e-07   0.00000000e+00   1.89378625e-07  -1.66204700e-07
  -1.34474249e-07   0.00000000e+00  -1.90803985e-06   3.11993062e-07
   0.00000000e+00   1.53616566e-06  -5.66615199e-07   0.00000000e+00
   7.55237124e-07  -4.80220478e-07   0.00000000e+00   0.00000000e+00
  -4.50061634e-07   7.70305633e-08   3.73380317e-07  -3.29600880e-08
   0.00000000e+00   0.00000000e+00]
nit    86

0.367686984908
-0.455515422726
-0.139203384405
0.0756772740742
0.0756772740742
0.0756772740742
-0.469007861312
0.220871265059
0.481364322465
-0.041923629244
-0.581035969306
0.83885181834
0.201162648214
0.201162648214
-0.302357685537
-0.590363764861
0.200870651163
0.200870651163
-0.717494389994
0.305210672077
0.305210672077
0.0551546209901
0.168163560823
0.168163560823
-0.751370116141
0.433005660033
0.433005660033
0.433005660033
-0.83789811865
0.393465815128
-0.103437183796
0.118449610735
0.118449610735
0.118449610735
