status    0
success    True
njev    93
nfev    2884
fun    0.000506505858634
x    [ 0.70265495 -0.53645285 -0.44649319  0.12674576  0.12674576  0.12674576
 -0.61423695  0.3030857  -0.00945288  0.08225382  0.62763301  0.48123256
 -0.12523203 -0.12523203 -0.679097   -0.46576696  0.21710978  0.21710978
  0.02873451 -0.99041691  0.31744314  0.31744314  0.31744314 -0.40577268
  0.25281469 -0.06118042  0.07137947  0.07137947  0.07137947]
message    Optimization terminated successfully.
jac    [  1.61278876e-07   2.81288521e-08  -6.11624273e-07   2.04294338e-07
   2.18278728e-11   2.18278728e-11  -2.35551852e-07   6.54836185e-09
   1.02951162e-06  -2.95840437e-07  -1.96087058e-08  -1.89218554e-07
  -6.71352609e-08   2.18278728e-11  -7.44694262e-08   4.14220267e-08
   8.51141522e-08   2.18278728e-11  -3.71437636e-08   3.30503099e-07
  -1.78857590e-07   2.18278728e-11   2.18278728e-11   2.01995135e-07
   4.64788172e-08  -5.10633981e-07   2.67900759e-07   2.18278728e-11
   2.18278728e-11]
nit    93

0.702654948588
-0.536452848843
-0.44649319357
0.126745762367
0.126745762367
0.126745762367
-0.614236946314
0.303085700846
-0.00945287537381
0.0822538231943
0.627633010385
0.48123255771
-0.125232034027
-0.125232034027
-0.6790970012
-0.465766959341
0.217109776874
0.217109776874
0.0287345148371
-0.990416909094
0.317443135127
0.317443135127
0.317443135127
-0.405772678905
0.252814693642
-0.0611804216448
0.0713794689694
0.0713794689694
0.0713794689694
