status    0
success    True
njev    65
nfev    1691
fun    0.000646468553388
x    [ 0.75370315 -0.56353752 -0.79429177  0.20137538  0.20137538  0.20137538
 -0.88622034  0.32089539  0.88292021 -0.29695709  0.77767884  0.68258577
 -0.30064749 -0.30064749 -0.19582985 -0.78209049  0.03665107  0.03665107
 -0.14697988 -0.87104005  0.27504027  0.27504027  0.27504027 -0.78209049]
message    Optimization terminated successfully.
jac    [ -9.07893991e-08  -7.67468009e-08   2.99856765e-07  -1.26470695e-07
  -7.27595761e-12  -7.27595761e-12   2.97783117e-07   3.78684490e-07
   1.43481157e-06   4.10254870e-07  -4.77694266e-06   1.07116648e-07
   1.92134030e-06  -7.27595761e-12   9.51476977e-08   4.75512934e-07
   7.49460014e-07  -7.27595761e-12   1.24689541e-06  -3.69214104e-06
   1.43033685e-06  -7.27595761e-12  -7.27595761e-12  -7.27595761e-12]
nit    65

0.753703147168
-0.563537519147
-0.7942917677
0.201375379893
0.201375379893
0.201375379893
-0.886220337329
0.320895386666
0.882920214278
-0.296957087572
0.777678839156
0.682585770962
-0.300647490759
-0.300647490759
-0.19582984946
-0.782090487009
0.0366510694381
0.0366510694381
-0.146979877746
-0.871040051942
0.275040269882
0.275040269882
0.275040269882
-0.782090487009
