status    0
success    True
njev    66
nfev    1783
fun    0.000827644527576
x    [ 0.64468404  0.64468404 -1.50876137  0.64468404 -0.33901865  0.39209144
 -0.23536922  0.79493301  0.25629179  0.25629179 -1.20628033 -0.47845397
  0.45950882  0.45950882  0.26184649 -1.27651293  0.4099574   0.4099574
  0.4099574  -0.66494123  0.32117761  0.25903074  0.0282443   0.0282443
  0.0282443 ]
message    Optimization terminated successfully.
jac    [ -3.98889824e-07   0.00000000e+00   1.76177127e-06   0.00000000e+00
   1.15021976e-06  -4.31391527e-07  -5.10619429e-07  -2.35966581e-07
   1.70854037e-07   0.00000000e+00  -1.40490010e-06   5.34855644e-08
   5.75004378e-07   0.00000000e+00   4.91992978e-07  -1.28209649e-06
   1.42747012e-07   0.00000000e+00   0.00000000e+00   3.40420229e-07
   1.19362085e-07  -7.92599167e-07   3.36964149e-07   0.00000000e+00
   0.00000000e+00]
nit    66

0.644684039123
0.644684039123
-1.50876136817
0.644684039123
-0.339018646426
0.392091438404
-0.235369224935
0.794933006341
0.256291790101
0.256291790101
-1.20628033176
-0.478453971171
0.459508821866
0.459508821866
0.261846490749
-1.27651293409
0.409957399919
0.409957399919
0.409957399919
-0.664941234774
0.321177608428
0.259030738157
0.0282442960628
0.0282442960628
0.0282442960628
