status    0
success    True
njev    94
nfev    3199
fun    0.000423007421092
x    [ 0.72709361 -0.54510657 -0.50512108  0.14255603  0.14255603  0.14255603
 -0.69133061  0.30347882  0.37271396  0.00394268 -0.37076173  0.61900861
  0.09754184  0.09754184  0.28525922 -0.51509023 -0.24042381 -0.24042381
  0.13865538 -0.12223887 -0.12223887  0.13865538  0.14197538 -0.18642121
  0.14197538  0.14818064 -0.62820546  0.33721674 -0.11657464  0.10100977
  0.10100977  0.10100977]
message    Optimization terminated successfully.
jac    [  3.06645234e-08  -3.01297405e-08   4.27273335e-07  -1.08182576e-07
   0.00000000e+00   0.00000000e+00  -1.68220140e-07   5.93463483e-08
   3.98067641e-08  -9.82436177e-08   2.14842657e-06   1.22352503e-07
  -4.82923497e-07   0.00000000e+00  -1.53428482e-06  -8.10541678e-09
   4.64107870e-07   0.00000000e+00  -1.58968760e-07   1.19757533e-06
   0.00000000e+00   0.00000000e+00  -2.65667040e-07  -1.80314601e-06
   0.00000000e+00   5.69194526e-07  -9.06220521e-09   8.98216967e-09
  -2.66125426e-07   7.39782990e-08   0.00000000e+00   0.00000000e+00]
nit    94

0.727093614772
-0.545106573797
-0.505121075374
0.142556028429
0.142556028429
0.142556028429
-0.691330608128
0.303478821244
0.372713959261
0.00394268242285
-0.370761728799
0.619008608073
0.09754183877
0.09754183877
0.285259221196
-0.515090230568
-0.2404238086
-0.2404238086
0.138655384094
-0.122238871769
-0.122238871769
0.138655384094
0.141975380819
-0.186421213268
0.141975380819
0.148180641939
-0.628205457427
0.337216739067
-0.116574644201
0.101009770557
0.101009770557
0.101009770557
