status    0
success    True
njev    98
nfev    3333
fun    0.000434970951148
x    [ 0.73450838 -0.54147169 -0.53558509  0.15069077  0.15069077  0.15069077
 -0.69310064  0.31084322  0.38716901  0.02087887 -0.39944846  0.4014984
  0.10507501  0.10507501  0.32144481 -0.44753017 -0.24717727 -0.24717727
  0.13984966 -0.13258228 -0.13258228  0.13984966  0.14620957 -0.18353935
  0.14620957  0.14951102 -0.44317536  0.26793221 -0.01961951  0.06495422
  0.06495422  0.06495422]
message    Optimization terminated successfully.
jac    [ -2.87836883e-08   4.82395990e-09   4.98017471e-07  -1.14472641e-07
   0.00000000e+00   0.00000000e+00  -2.88218871e-07   1.11394911e-08
   4.87103534e-07  -3.09966708e-07   2.77179788e-06  -1.65338861e-07
  -7.32015906e-07   0.00000000e+00  -1.84715100e-06  -9.62245394e-09
   5.76565071e-07   0.00000000e+00  -2.20417860e-07   1.03141065e-06
   0.00000000e+00   0.00000000e+00  -2.69345037e-07  -1.72189539e-06
   0.00000000e+00   5.17524313e-07   2.90820026e-08  -4.99894668e-08
   6.90088200e-08  -4.18076525e-08   0.00000000e+00   0.00000000e+00]
nit    98

0.734508376654
-0.541471692786
-0.535585087397
0.150690767331
0.150690767331
0.150690767331
-0.693100640756
0.310843215387
0.387169013294
0.0208788741148
-0.399448459607
0.401498397245
0.105075012002
0.105075012002
0.321444806101
-0.447530169115
-0.247177267728
-0.247177267728
0.139849658935
-0.132582278279
-0.132582278279
0.139849658935
0.146209571072
-0.183539345442
0.146209571072
0.149511018309
-0.443175355118
0.267932211824
-0.0196195071624
0.0649542168188
0.0649542168188
0.0649542168188
