status    0
success    True
njev    90
nfev    2700
fun    0.000785324601904
x    [ 0.70516298  0.70516298 -1.739215    0.70516298 -0.25992475  0.40130228
 -0.78943208  0.78666927  0.34609412  0.34609412  0.32757954 -0.48326152
 -0.27633526 -0.27633526  0.15330537 -0.03291751 -0.03291751  0.15330537
  0.14047976 -0.18700898  0.14047976  0.16654934 -0.63970512  0.30146912
  0.24188963  0.03211546  0.03211546  0.03211546]
message    Optimization terminated successfully.
jac    [  2.20650691e-07   0.00000000e+00  -3.63317668e-07   0.00000000e+00
   8.78535502e-07  -2.80087988e-07   1.41173223e-06  -2.45570845e-07
  -5.62715286e-07   0.00000000e+00  -2.53225880e-06  -1.74768502e-08
   1.91378786e-06   0.00000000e+00  -4.66287020e-07  -3.61324055e-07
   0.00000000e+00   0.00000000e+00   1.91976142e-07  -1.14087015e-07
   0.00000000e+00   4.05816536e-07  -4.63754986e-07  -2.25118129e-07
   1.28646207e-06  -5.93419827e-07   0.00000000e+00   0.00000000e+00]
nit    90

0.70516297898
0.70516297898
-1.73921500215
0.70516297898
-0.259924753611
0.401302283761
-0.789432082559
0.786669269155
0.346094120474
0.346094120474
0.327579541745
-0.483261521961
-0.276335264929
-0.276335264929
0.153305371396
-0.0329175061123
-0.0329175061123
0.153305371396
0.1404797637
-0.187008980496
0.1404797637
0.166549340114
-0.63970511981
0.301469117378
0.241889633238
0.0321154563977
0.0321154563977
0.0321154563977
