status    0
success    True
njev    87
nfev    2960
fun    0.000442867877189
x    [ 0.45175443 -0.47879343 -0.19670528  0.07458143  0.07458143  0.07458143
 -0.50244918  0.23880023  0.41111693 -0.01664241 -0.39178495  0.602682
  0.0930306   0.0930306   0.33891573 -0.51496115 -0.27225819 -0.27225819
  0.14586562 -0.13735784 -0.13735784  0.14586562  0.14789895 -0.14862068
  0.14789895  0.1352613  -0.63216771  0.33351542 -0.09365898  0.09521172
  0.09521172  0.09521172]
message    Optimization terminated successfully.
jac    [ -5.47977834e-07  -9.77961463e-08   1.21249468e-06  -5.59048203e-07
   0.00000000e+00   0.00000000e+00  -1.33422873e-07  -2.51755409e-07
  -1.38060932e-06  -1.08600943e-07   5.08844823e-06  -2.18366768e-06
  -1.98981797e-06   0.00000000e+00   1.97068584e-06   3.26559530e-07
  -2.65644485e-06   0.00000000e+00   3.78582627e-07  -1.11330519e-06
   0.00000000e+00   0.00000000e+00   1.19700417e-07   2.23951065e-06
   0.00000000e+00  -1.11309055e-06   1.51262066e-06  -9.94990842e-07
   1.22114579e-06  -7.37363735e-07   0.00000000e+00   0.00000000e+00]
nit    87

0.451754433504
-0.478793432315
-0.19670528293
0.0745814272471
0.0745814272471
0.0745814272471
-0.502449181765
0.238800228258
0.411116934592
-0.0166424113989
-0.391784948873
0.60268200007
0.0930306021519
0.0930306021519
0.33891573209
-0.514961151968
-0.272258192064
-0.272258192064
0.14586561915
-0.137357839883
-0.137357839883
0.14586561915
0.147898951217
-0.14862067903
0.147898951217
0.135261295447
-0.632167710905
0.333515420917
-0.0936589833622
0.0952117249284
0.0952117249284
0.0952117249284
