status    0
success    True
njev    75
nfev    2102
fun    0.000525684060847
x    [ 0.67740644 -0.51061312 -0.88218451  0.23517792  0.23517792  0.23517792
 -0.25036256 -0.04002425  0.52638418  0.06062282  0.06062282 -0.14566571
 -0.37341318 -0.08026476  0.27274809  0.09420659  0.09420659  0.10886237
  0.10886237 -0.43678536 -0.39623274  0.30449438 -0.38759096  0.16306224
  0.16306224  0.16306224]
message    Optimization terminated successfully.
jac    [  9.14587872e-08   1.36336894e-07  -7.55877409e-07   2.56040948e-07
   0.00000000e+00   0.00000000e+00   1.53408473e-06   2.13529711e-06
  -2.73129990e-06  -1.24899088e-07   0.00000000e+00  -4.24239261e-06
  -1.21386256e-06   1.09259418e-06   5.74393198e-07   1.53871952e-06
   0.00000000e+00   1.19152537e-06   0.00000000e+00   2.89728632e-07
   8.36735126e-07  -1.54293957e-07  -4.71816747e-07   1.65870006e-07
   0.00000000e+00   0.00000000e+00]
nit    75

0.677406444805
-0.510613117276
-0.882184505764
0.235177924521
0.235177924521
0.235177924521
-0.250362561961
-0.0400242525636
0.526384178883
0.0606228184908
0.0606228184908
-0.14566571044
-0.373413176946
-0.0802647615447
0.272748088717
0.0942065916143
0.0942065916143
0.108862366848
0.108862366848
-0.436785358049
-0.396232736963
0.304494375783
-0.387590963647
0.163062243167
0.163062243167
0.163062243167
