status    0
success    True
njev    73
nfev    1679
fun    0.000442714821071
x    [ 0.35579803 -0.85159763  0.57242396  0.12055816 -0.12058687 -0.12058687
  0.03061056  0.56075195 -0.02983392  0.48092356 -0.06416858 -0.06416858
 -0.17601713 -0.17601713 -0.51808951 -0.35522643  0.24887279 -0.21942513
  0.10859292  0.10859292  0.10859292]
message    Optimization terminated successfully.
jac    [  2.00074282e-07   2.42889655e-07  -4.27135092e-07  -2.17198249e-07
   4.93520929e-07   0.00000000e+00  -1.43409125e-07   7.42613338e-07
  -2.17078195e-08  -2.56623025e-08  -8.95088306e-08   0.00000000e+00
  -6.43161911e-07   0.00000000e+00  -4.43724275e-08  -2.77977961e-07
  -1.58368493e-07   7.92497303e-07  -3.47394234e-07   0.00000000e+00
   0.00000000e+00   0.00000000e+00]
nit    73

 0.35579803070
-0.85159763357
 0.57242395650
 0.12055815662
-0.12058687272
-0.12058687272
 0.03061056085
 0.56075195066
-0.02983391734
 0.48092355688
-0.06416857895
-0.06416857895
-0.17601712511
-0.17601712511
-0.51808950774
-0.35522642715
 0.24887278868
-0.21942513161
 0.10859292336
 0.10859292336
 0.10859292336
