status    0
success    True
njev    76
nfev    2130
fun    0.000522438895773
x    [ 0.71150875 -0.52410195 -0.91075236  0.24111519  0.24111519  0.24111519
 -0.25687316 -0.06327171  0.47592015  0.06354088  0.06354088 -0.09726958
 -0.37358424 -0.07624519  0.45340354  0.08262011  0.08262011  0.10469179
  0.10469179 -0.48892386 -0.60110149  0.36612765 -0.21904231  0.12638488
  0.12638488  0.12638488]
message    Optimization terminated successfully.
jac    [  2.06673576e-07   7.18137017e-08  -4.36972186e-07   1.65855454e-07
   0.00000000e+00   0.00000000e+00  -6.37155608e-08   3.03607521e-06
  -1.42819044e-06  -8.12564394e-07   0.00000000e+00  -1.47180981e-06
  -8.45269824e-07   4.34461981e-07   4.34381946e-07   3.01646651e-07
   0.00000000e+00   4.72886313e-07   0.00000000e+00   1.62981451e-09
  -1.57284376e-07   7.11443136e-08   2.23095412e-07  -6.30752766e-08
   0.00000000e+00   0.00000000e+00]
nit    76

0.711508752238
-0.524101945283
-0.910752363276
0.24111518544
0.24111518544
0.24111518544
-0.256873158081
-0.0632717135754
0.475920149973
0.0635408837915
0.0635408837915
-0.0972695826115
-0.373584240509
-0.0762451863921
0.453403535266
0.0826201059258
0.0826201059258
0.10469178836
0.10469178836
-0.488923857882
-0.601101490912
0.366127648745
-0.219042305635
0.12638488182
0.12638488182
0.12638488182
