status    0
success    True
njev    64
nfev    1601
fun    0.000462856816015
x    [ 0.72989058 -0.55021482 -0.47678348  0.13136027  0.13136027  0.13136027
 -0.51984215  0.29453013 -0.20693117  0.1430666   0.25602381  0.75118331
 -0.00418782 -0.00418782 -0.55305249 -0.52765488  0.37105247 -0.62080126
  0.34414825 -0.09937006  0.09301666  0.09301666  0.09301666]
message    Optimization terminated successfully.
jac    [  2.67387804e-07  -5.45114744e-08  -1.01668047e-06   1.48178515e-07
   0.00000000e+00   0.00000000e+00  -4.97384463e-08  -7.20719981e-08
  -3.09159077e-07  -7.57172529e-08   1.35935989e-06   2.21225491e-08
  -3.82518920e-07   0.00000000e+00  -3.47110472e-07  -7.40474206e-08
  -4.07417247e-08  -2.54585757e-07  -5.16592991e-10   1.33510912e-06
  -2.79480446e-07   0.00000000e+00   0.00000000e+00]
nit    64

0.729890580366
-0.550214818463
-0.476783477446
0.131360272833
0.131360272833
0.131360272833
-0.519842150354
0.294530132774
-0.206931171471
0.143066598621
0.256023812279
0.751183305985
-0.00418781656274
-0.00418781656274
-0.553052487961
-0.527654880902
0.371052474154
-0.620801257748
0.344148247706
-0.0993700643958
0.0930166571603
0.0930166571603
0.0930166571603
