status    0
success    True
njev    59
nfev    1240
fun    0.000776887486129
x    [ 0.63291703  0.63291703 -1.52379073  0.63291703  0.03123326  0.24223537
 -0.02801136  0.73110941  0.11445606  0.11445606 -0.50785338 -0.49733082
  0.42474502 -0.68806533  0.33768591  0.20089935  0.04982669  0.04982669
  0.04982669]
message    Optimization terminated successfully.
jac    [  7.92657374e-07  -7.27595761e-12  -2.98830855e-07  -7.27595761e-12
   9.52881237e-07   9.13278200e-08  -4.69732913e-06   9.72140697e-08
   1.50369306e-06  -7.27595761e-12   1.13889837e-06   4.99007001e-07
  -4.06726031e-08   7.95196684e-07   3.01362888e-07  -2.18472269e-06
   1.09357643e-06  -7.27595761e-12  -7.27595761e-12]
nit    59

0.632917028038
0.632917028038
-1.52379073369
0.632917028038
0.0312332633567
0.242235373956
-0.0280113587147
0.731109413825
0.114456063337
0.114456063337
-0.507853377626
-0.497330816719
0.424745024827
-0.688065332342
0.337685912774
0.200899350573
0.0498266896649
0.0498266896649
0.0498266896649
