status    0
success    True
njev    48
nfev    962
fun    0.000638824482681
x    [ 0.30465323 -0.76789603  0.30465323  0.1042023   0.04017555  0.30220304
  0.46529838 -0.03807653 -0.03807653 -0.58775575 -0.46515478  0.37577388
 -0.39776363  0.28248641 -0.25625021  0.12384248  0.12384248  0.12384248]
message    Optimization terminated successfully.
jac    [ -8.99162842e-08   5.95893653e-07   0.00000000e+00  -1.68637780e-06
   9.73246642e-07  -1.58441981e-06   8.21979484e-07   8.22976290e-07
   0.00000000e+00   6.55476470e-07  -1.05814252e-07  -3.66431777e-07
   2.09781865e-06   7.37039954e-07  -4.83903568e-06   2.01083458e-06
   0.00000000e+00   0.00000000e+00]
nit    48

0.304653233389
-0.76789602754
0.304653233389
0.104202301827
0.0401755467293
0.302203038807
0.465298379255
-0.0380765277236
-0.0380765277236
-0.587755746246
-0.465154784603
0.375773880439
-0.397763632744
0.282486405531
-0.256250213854
0.123842480356
0.123842480356
0.123842480356
