status    0
success    True
njev    71
nfev    1491
fun    0.000385604009914
x    [ 0.44659076 -0.46376082 -0.22809575  0.08175527  0.08175527  0.08175527
 -0.34536211  0.2371858  -0.01451547  0.1033068   0.27960055  0.55568378
 -0.01818472 -0.01818472 -0.56841253 -0.47415461  0.37981658 -0.52062494
  0.40384558]
message    Optimization terminated successfully.
jac    [ -2.26435077e-07  -6.18456397e-08   5.05719072e-07  -2.05669494e-07
  -7.27595761e-12  -7.27595761e-12  -3.11698386e-07   2.24063115e-08
   1.17288073e-06  -3.23660061e-07  -1.96727342e-07  -3.06456059e-07
  -2.19079084e-08  -7.27595761e-12  -5.58611646e-08   2.49747245e-08
   4.65952326e-08  -2.85763235e-08   3.82387952e-08]
nit    71

0.44659076332
-0.463760819625
-0.228095748546
0.0817552682836
0.0817552682836
0.0817552682836
-0.345362107158
0.237185797284
-0.0145154745699
0.103306799232
0.279600554805
0.555683781722
-0.0181847162782
-0.0181847162782
-0.568412529884
-0.4741546103
0.379816578618
-0.520624937661
0.403845580468
