status    0
success    True
njev    65
nfev    1497
fun    0.000545061912724
x    [ 0.78067236 -0.5864401  -0.78520665  0.19699146  0.19699146  0.19699146
 -0.83000905  0.32276161  0.74813811 -0.22352183  0.59060931  0.64435439
 -0.21901973  0.05921114 -0.73674912 -0.75329796 -0.06427243 -0.06427243
 -0.06427243  0.34363839 -0.75329796]
message    Optimization terminated successfully.
jac    [ -2.43251270e-06  -1.69092527e-06   4.40672011e-06  -2.75344064e-07
   0.00000000e+00   0.00000000e+00   8.78193532e-07   2.26371776e-06
   4.61581658e-06  -6.20711944e-07  -1.61739445e-06  -9.66174412e-07
   2.36781489e-07  -3.14740464e-06   1.43807119e-06   5.54304279e-07
  -4.38036659e-06   0.00000000e+00   0.00000000e+00   8.05608579e-07
   0.00000000e+00]
nit    65

0.780672363662
-0.586440097917
-0.785206646554
0.19699146027
0.19699146027
0.19699146027
-0.830009051722
0.32276160533
0.748138110927
-0.223521825649
0.590609310352
0.644354387518
-0.219019734922
0.0592111429974
-0.736749116783
-0.753297962206
-0.0642724302528
-0.0642724302528
-0.0642724302528
0.343638387121
-0.753297962206
