status    0
success    True
njev    70
nfev    1681
fun    0.000724044516265
x    [ 0.65361173  0.65361173 -1.51594939  0.65361173 -0.35981077  0.38279768
  0.03303514  0.84408126  0.19248959 -0.70286347 -0.48991598 -0.5099752
  0.24207765  0.24207765  0.24207765  0.43904299 -0.65539594  0.31331485
  0.26589942  0.02539389  0.02539389  0.02539389]
message    Optimization terminated successfully.
jac    [ -6.95581548e-09   0.00000000e+00  -2.32197635e-07   0.00000000e+00
   1.25291990e-08   1.94850145e-08  -1.98918860e-06  -3.93411028e-08
   4.23438905e-07   2.34191248e-06   2.87371222e-07  -6.63640094e-08
  -6.25077519e-07   0.00000000e+00   0.00000000e+00  -6.23404048e-08
   1.57306204e-07   8.90140655e-08  -4.62343451e-07   2.21429218e-07
   0.00000000e+00   0.00000000e+00]
nit    70

0.653611728138
0.653611728138
-1.51594938949
0.653611728138
-0.359810771148
0.382797682791
0.0330351437665
0.844081262162
0.192489590627
-0.702863470193
-0.489915978907
-0.509975196572
0.242077650426
0.242077650426
0.242077650426
0.439042991274
-0.655395941724
0.313314846188
0.265899419707
0.0253938919434
0.0253938919434
0.0253938919434
