status    0
success    True
njev    70
nfev    1962
fun    0.000443014372646
x    [ 0.48213315 -0.49148785 -0.229717    0.07969057  0.07969057  0.07969057
 -0.38254236  0.23429536 -0.04677965  0.08013031  0.38938757  0.68019285
 -0.05244002 -0.27720387 -0.60387718 -0.51575069  0.07054667  0.07054667
  0.07054667  0.37540545 -0.60267588  0.33350289 -0.0981703   0.0916285
  0.0916285   0.0916285 ]
message    Optimization terminated successfully.
jac    [  5.94445737e-09   1.55083399e-07  -2.71666067e-07   1.19653123e-07
   0.00000000e+00   0.00000000e+00   2.78720108e-07  -1.39487383e-07
  -2.64600021e-06   4.37194103e-07   1.80849020e-06  -8.56030965e-07
  -9.84953658e-07   3.56804230e-06  -6.78690412e-07   1.51994755e-07
  -1.43267243e-06   0.00000000e+00   0.00000000e+00  -3.75639502e-07
   3.80943675e-07  -4.99545422e-07   1.76551839e-06  -6.23607775e-07
   0.00000000e+00   0.00000000e+00]
nit    70

0.482133152058
-0.491487851554
-0.22971700287
0.0796905674554
0.0796905674554
0.0796905674554
-0.382542355942
0.234295362426
-0.0467796473365
0.0801303140549
0.389387570004
0.68019285228
-0.0524400161449
-0.277203867959
-0.603877177577
-0.51575069229
0.070546669007
0.070546669007
0.070546669007
0.375405448801
-0.602675884165
0.333502892393
-0.0981703045898
0.0916284996746
0.0916284996746
0.0916284996746
