status    0
success    True
njev    100
nfev    3805
fun    0.000477037538206
x    [ 0.73678859 -0.54844137 -0.51356405  0.14275503  0.14275503  0.14275503
 -0.67874556  0.30180572  0.32105073  0.01167384 -0.24262891  0.6103518
  0.07446526  0.07446526 -0.03000854 -0.50588928 -0.13692945  0.20305696
  0.17790352 -0.53928485  0.21872072 -0.24563966  0.41035738 -0.29193683
 -0.2741928   0.16184062  0.16057452 -0.09101089  0.1753818   0.13461865
 -0.62323476  0.33472605 -0.11052149  0.09866065  0.09866065  0.09866065]
message    Optimization terminated successfully.
jac    [ -2.13545354e-06   5.79977495e-07  -1.99899659e-07   2.07430276e-07
   0.00000000e+00   0.00000000e+00   1.94046879e-06  -7.35293725e-07
  -5.02976036e-07  -3.72747309e-07   4.85409328e-06  -2.33276660e-06
  -1.89200000e-06   0.00000000e+00   2.18594505e-06   5.07207005e-07
  -7.52144842e-07  -6.61071681e-07  -1.57717295e-07  -2.04055323e-06
  -6.87734428e-07  -1.92878724e-06   1.03310958e-06   1.60735726e-06
  -1.26836676e-06   8.61993612e-07  -8.11789505e-07   1.61962453e-06
   4.75480192e-07  -8.42308509e-07   2.14148895e-06  -1.04594437e-06
   9.95605660e-07  -4.38038114e-07   0.00000000e+00   0.00000000e+00]
nit    100

0.736788587481
-0.548441368541
-0.513564048974
0.142755025183
0.142755025183
0.142755025183
-0.678745556174
0.301805717227
0.321050727911
0.0116738424657
-0.242628914155
0.610351795484
0.0744652626745
0.0744652626745
-0.0300085350999
-0.505889284594
-0.136929450128
0.20305695501
0.177903524546
-0.539284849818
0.218720722952
-0.24563966202
0.410357384452
-0.291936828652
-0.274192803657
0.161840617306
0.160574515225
-0.0910108935517
0.175381797483
0.134618652439
-0.623234761361
0.334726054756
-0.110521486251
0.0986606491138
0.0986606491138
0.0986606491138
