status    9
success    False
njev    101
nfev    3841
fun    0.000489266532937
x    [ 0.71363022 -0.53660923 -0.51792676  0.1453407   0.1453407   0.1453407
 -0.63886524  0.30200838  0.26734127  0.04807911 -0.26633456  0.4099906
  0.08481809  0.08481809  0.01207396 -0.4389324  -0.14867055  0.19342564
  0.18053754 -0.55611977  0.21855656 -0.24791902  0.41901622 -0.28049382
 -0.27564761  0.16238246  0.15670764 -0.09372506  0.17710308  0.13473306
 -0.44354015  0.26761046 -0.00628075  0.06073681  0.06073681  0.06073681]
message    Iteration limit exceeded
jac    [ -1.15961084e-05   4.97188739e-06  -2.67232099e-06   1.61772914e-06
   0.00000000e+00   0.00000000e+00   7.33567867e-06  -1.05966319e-06
  -2.81807297e-06   3.17719241e-07   6.41455699e-06  -1.49266998e-06
  -2.20452785e-06   0.00000000e+00   3.74149386e-06   1.00566831e-06
  -1.81749783e-06  -4.08326741e-08   5.21329639e-07  -5.18391607e-06
   3.44349246e-07  -3.24709254e-06   2.71875615e-06   3.52809002e-06
  -2.56858766e-06   1.59557385e-06  -1.72429282e-06   2.47202115e-06
   1.12895941e-06  -1.09272514e-06  -1.88621198e-06   1.01131445e-06
   8.67737981e-07   1.23545760e-08   0.00000000e+00   0.00000000e+00]
nit    101

0.713630219678
-0.536609228173
-0.51792676289
0.145340700906
0.145340700906
0.145340700906
-0.638865241286
0.302008383108
0.267341270252
0.04807911251
-0.266334563256
0.40999060024
0.084818092623
0.084818092623
0.0120739584903
-0.43893239902
-0.14867054683
0.193425637129
0.18053753676
-0.556119771907
0.218556560263
-0.24791901757
0.419016217446
-0.28049381688
-0.275647607131
0.162382457626
0.156707638318
-0.0937250628971
0.177103077796
0.134733060259
-0.443540152309
0.267610459511
-0.00628074615573
0.0607368129844
0.0607368129844
0.0607368129844
