status    9
success    False
njev    101
nfev    3434
fun    0.000892444625882
x    [ 0.70633013  0.70633013 -1.69242587  0.70633013 -0.57310557  0.48655499
 -0.54345884  0.85979294  0.31317306  0.31317306 -0.17486055 -0.48476508
  0.16923027  0.19461385  0.12519489 -0.79231527  0.44291741 -0.38125821
  0.4772481  -0.31050923 -0.15315075  0.21272692  0.18213166 -0.12335126
  0.1651332   0.16831992 -0.59964089  0.29727246  0.13948976  0.05429289
  0.05429289  0.05429289]
message    Iteration limit exceeded
jac    [ -5.28300006e-07  -2.91038305e-11  -2.12167652e-06  -2.91038305e-11
  -1.46043458e-05   5.17946319e-06   9.21104220e-06   3.77873221e-06
   1.00481702e-06  -2.91038305e-11  -6.10474672e-07   8.33097147e-09
   7.28634768e-06  -7.83870200e-06  -6.57910277e-06   1.60766722e-05
  -1.02217091e-05  -8.02501745e-07  -5.84043300e-06  -1.13735587e-06
   5.72404679e-06   2.56054045e-06  -4.14016540e-07   5.38564927e-06
  -2.79388769e-06  -2.63583934e-06   1.55557063e-06   8.09952326e-07
  -3.86367901e-06   1.50138658e-06  -2.91038305e-11  -2.91038305e-11]
nit    101

0.70633012533
0.70633012533
-1.69242587307
0.70633012533
-0.573105570362
0.486554989912
-0.543458843448
0.859792942645
0.313173056848
0.313173056848
-0.174860551498
-0.48476508471
0.169230274163
0.194613851393
0.125194894065
-0.792315270882
0.442917409402
-0.38125821281
0.477248098764
-0.310509225414
-0.153150749486
0.21272692136
0.182131656551
-0.123351263958
0.165133199159
0.168319918536
-0.599640891074
0.29727245771
0.139489762753
0.0542928902037
0.0542928902037
0.0542928902037
