status    9
success    False
njev    101
nfev    3839
fun    0.000493067717818
x    [ 0.47287452 -0.4867978  -0.22104198  0.07832175  0.07832175  0.07832175
 -0.49110575  0.23494992  0.36949913 -0.01314843 -0.31181756  0.64019123
  0.08690767  0.08690767 -0.02042836 -0.52008342 -0.13915403  0.20800988
  0.17676337 -0.52709326  0.2175191  -0.25258666  0.40459388 -0.29170168
 -0.27982723  0.16547171  0.15937263 -0.08967834  0.17838715  0.1350905
 -0.6661335   0.34590312 -0.10797015  0.10038713  0.10038713  0.10038713]
message    Iteration limit exceeded
jac    [  1.07882952e-05  -9.05877823e-06   2.11339648e-06  -3.83651786e-06
   0.00000000e+00   0.00000000e+00   1.29838518e-05  -1.57782342e-05
   2.31844024e-06  -3.40567203e-06   4.33283276e-07   9.20709863e-06
  -1.81834403e-05   0.00000000e+00   4.56694397e-06  -5.05890057e-07
   5.15410647e-06   2.12877057e-06  -1.28674583e-05   9.89783439e-06
   1.18625976e-05  -4.02596197e-06  -7.47132435e-06   7.53220957e-06
  -2.24106770e-07   5.73993020e-06  -1.43358193e-06   2.62326648e-06
   1.78877526e-05   5.42061753e-06  -2.43960676e-06  -8.59797001e-06
  -3.25832661e-06  -1.93744854e-05   0.00000000e+00   0.00000000e+00]
nit    101

0.472874515835
-0.486797800166
-0.221041976094
0.078321753475
0.078321753475
0.078321753475
-0.491105747143
0.23494992026
0.369499129187
-0.0131484345552
-0.311817562512
0.640191230728
0.0869076683705
0.0869076683705
-0.0204283630664
-0.520083416749
-0.139154026534
0.208009881798
0.176763370322
-0.527093255431
0.217519101246
-0.252586659492
0.404593882494
-0.291701681508
-0.279827227536
0.165471709983
0.15937263111
-0.0896783366039
0.178387153901
0.135090499785
-0.666133498291
0.345903120945
-0.1079701455
0.100387128808
0.100387128808
0.100387128808
