status    9
success    False
njev    101
nfev    3537
fun    0.000558397951547
x    [ 0.75756858 -0.55366529 -0.50352379  0.1399656   0.1399656   0.1399656
 -0.73220424  0.30680033  0.40756011 -0.01169242 -0.32856642  0.63908636
  0.09030397  0.09030397  0.19246684 -0.52073277 -0.21981899 -0.21981899
  0.13676586 -0.16029158 -0.16029158  0.13676586  0.16149067  0.09195846
  0.16149067 -0.37903802  0.31746189 -0.66615626  0.34866148 -0.08382078
  0.09367976  0.09367976  0.09367976]
message    Iteration limit exceeded
jac    [  4.03306331e-08   1.06869265e-06   4.72638931e-07  -8.91326636e-07
   0.00000000e+00   0.00000000e+00  -2.19888170e-06   1.10457040e-06
   1.04279025e-07   6.55047188e-07   3.38421523e-06   3.79804987e-08
  -9.66487278e-07   0.00000000e+00   2.47695425e-07  -5.98876795e-07
  -1.72549335e-07   0.00000000e+00   1.75947207e-07  -2.45995761e-06
   0.00000000e+00   0.00000000e+00  -1.69566192e-07   2.32204184e-06
   0.00000000e+00  -9.89188266e-07  -4.07053449e-07   9.28048394e-08
   7.93646905e-07   1.25000952e-07  -1.60728086e-06   0.00000000e+00
   0.00000000e+00]
nit    101

0.757568579316
-0.553665294874
-0.503523791729
0.139965595383
0.139965595383
0.139965595383
-0.732204236352
0.306800334945
0.407560111215
-0.0116924245189
-0.328566418255
0.639086361528
0.0903039745028
0.0903039745028
0.192466838624
-0.520732770029
-0.219818986288
-0.219818986288
0.136765858451
-0.160291581839
-0.160291581839
0.136765858451
0.161490671747
0.0919584619078
0.161490671747
-0.379038018018
0.317461885807
-0.666156264575
0.348661481162
-0.0838207846794
0.0936797630765
0.0936797630765
0.0936797630765
