status    0
success    True
njev    94
nfev    2821
fun    0.000720698408013
x    [ 0.73789108 -0.55500294 -0.78262694  0.19991293  0.19991293  0.19991293
 -0.91632845  0.31437728  1.24681926 -0.34433836 -0.25009954  0.51907283
 -0.04215523 -0.04215523  0.19136762 -0.72670089 -0.08112535 -0.08112535
  0.11343232 -0.47509951 -0.47509951  0.11343232  0.21983789  0.37144749
  0.21983789 -0.4598076   0.31111104 -0.72670089]
message    Optimization terminated successfully.
jac    [ -4.70216037e-07  -3.69152986e-07   1.02136983e-06  -1.77096808e-07
   0.00000000e+00   0.00000000e+00  -3.77411197e-07   3.39467078e-07
   2.29517900e-06  -7.85243174e-07   2.70969758e-06  -2.57416104e-07
  -2.94392521e-07   0.00000000e+00  -3.63376603e-06   4.18811396e-07
   2.07540143e-06   0.00000000e+00  -5.88559487e-07   3.64518201e-07
   0.00000000e+00   0.00000000e+00  -5.68084943e-07  -1.81138603e-06
   0.00000000e+00   3.09322786e-07  -1.23145583e-07   0.00000000e+00]
nit    94

0.737891082874
-0.55500293988
-0.782626940838
0.199912932615
0.199912932615
0.199912932615
-0.916328454966
0.314377280284
1.24681925902
-0.344338361419
-0.250099543595
0.519072828119
-0.0421552291402
-0.0421552291402
0.191367616918
-0.726700893583
-0.0811253466574
-0.0811253466574
0.113432323404
-0.475099514604
-0.475099514604
0.113432323404
0.219837886122
0.371447490904
0.219837886122
-0.459807604518
0.311111038171
-0.726700893583
