status    0
success    True
njev    73
nfev    2190
fun    0.000645714747329
x    [ 0.3140811  -0.82688689  0.3140811   0.24402457  0.02098759 -0.14350185
  0.42318958  0.05237568  0.05237568  0.01122505 -0.45561777 -0.06153234
 -0.06153234  0.11705582 -0.33503827 -0.33503827  0.11705582  0.18888004
  0.26295249  0.18888004 -0.41038548  0.32236863 -0.41046905  0.26395295
 -0.09867342  0.08172984  0.08172984  0.08172984]
message    Optimization terminated successfully.
jac    [  3.92159563e-07   7.59566319e-07   0.00000000e+00  -1.94989843e-06
   9.56759322e-07  -1.22671918e-06   7.14237103e-07   1.05900835e-06
   0.00000000e+00  -3.76241951e-06   1.24382495e-07   3.70440830e-06
   0.00000000e+00  -5.62584319e-07  -1.00145553e-06   0.00000000e+00
   0.00000000e+00   2.07030098e-07   2.34096660e-07   0.00000000e+00
   3.22354026e-07   1.14458089e-07  -1.40428165e-06  -4.66498022e-07
   3.38820246e-06  -1.51248241e-06   0.00000000e+00   0.00000000e+00]
nit    73

0.314081101766
-0.826886890104
0.314081101766
0.244024567174
0.0209875910163
-0.143501848582
0.423189577902
0.0523756813692
0.0523756813692
0.0112250543451
-0.455617765554
-0.0615323379312
-0.0615323379312
0.117055820398
-0.335038266865
-0.335038266865
0.117055820398
0.188880036562
0.262952487479
0.188880036562
-0.410385477991
0.322368633719
-0.410469047888
0.263952953624
-0.0986734199914
0.0817298380851
0.0817298380851
0.0817298380851
