status    0
success    True
njev    56
nfev    1401
fun    0.000546261641392
x    [ 0.30841803 -0.7644798   0.30841803 -0.10973173  0.0887168   0.4935217
  0.47831261 -0.09739232 -0.28264902 -0.28264902 -0.45879458  0.05305155
  0.05305155  0.05305155  0.05305155  0.05305155  0.05305155 -0.40370727
  0.26477269 -0.13293917  0.09062458  0.09062458  0.09062458]
message    Optimization terminated successfully.
jac    [  1.73439912e-06   1.14477007e-06   0.00000000e+00  -6.75376214e-07
   5.00345777e-07   2.61097011e-06   1.76551112e-06  -3.92705260e-07
  -4.24154132e-06   0.00000000e+00   2.15582259e-06  -4.52408131e-06
   0.00000000e+00   0.00000000e+00   0.00000000e+00   0.00000000e+00
   0.00000000e+00  -1.32649438e-06  -1.55541056e-06   2.27749842e-06
   6.11536962e-07   0.00000000e+00   0.00000000e+00]
nit    56

0.30841803172
-0.764479804386
0.30841803172
-0.109731732615
0.0887167953134
0.493521701215
0.478312606301
-0.0973923192302
-0.282649018175
-0.282649018175
-0.458794576576
0.0530515504812
0.0530515504812
0.0530515504812
0.0530515504812
0.0530515504812
0.0530515504812
-0.40370727316
0.264772692177
-0.13293916956
0.0906245835146
0.0906245835146
0.0906245835146
